7.910000000000000364e-01
7.920000000000000373e-01
7.780000000000000249e-01
7.690000000000000169e-01
7.610000000000000098e-01
8.060000000000000497e-01
8.279999999999999583e-01
7.800000000000000266e-01
8.020000000000000462e-01
7.900000000000000355e-01
8.030000000000000471e-01
7.900000000000000355e-01
8.060000000000000497e-01
7.870000000000000329e-01
8.000000000000000444e-01
8.080000000000000515e-01
7.910000000000000364e-01
8.110000000000000542e-01
7.870000000000000329e-01
7.870000000000000329e-01
8.030000000000000471e-01
7.870000000000000329e-01
7.730000000000000204e-01
7.930000000000000382e-01
7.850000000000000311e-01
7.870000000000000329e-01
7.910000000000000364e-01
7.990000000000000435e-01
7.910000000000000364e-01
7.760000000000000231e-01
7.850000000000000311e-01
7.900000000000000355e-01
7.920000000000000373e-01
7.830000000000000293e-01
8.000000000000000444e-01
7.820000000000000284e-01
8.060000000000000497e-01
7.990000000000000435e-01
8.070000000000000506e-01
8.050000000000000488e-01
7.760000000000000231e-01
7.820000000000000284e-01
7.730000000000000204e-01
7.950000000000000400e-01
7.800000000000000266e-01
7.920000000000000373e-01
7.820000000000000284e-01
8.000000000000000444e-01
8.040000000000000480e-01
7.990000000000000435e-01
7.820000000000000284e-01
8.149999999999999467e-01
7.840000000000000302e-01
7.810000000000000275e-01
7.780000000000000249e-01
7.870000000000000329e-01
7.740000000000000213e-01
7.930000000000000382e-01
7.710000000000000187e-01
8.000000000000000444e-01
8.020000000000000462e-01
7.850000000000000311e-01
7.780000000000000249e-01
8.060000000000000497e-01
7.960000000000000409e-01
7.950000000000000400e-01
8.000000000000000444e-01
7.910000000000000364e-01
7.660000000000000142e-01
8.050000000000000488e-01
7.880000000000000338e-01
7.910000000000000364e-01
7.960000000000000409e-01
7.850000000000000311e-01
7.920000000000000373e-01
7.890000000000000346e-01
7.830000000000000293e-01
7.640000000000000124e-01
7.640000000000000124e-01
7.840000000000000302e-01
8.209999999999999520e-01
7.870000000000000329e-01
7.790000000000000258e-01
7.820000000000000284e-01
8.159999999999999476e-01
7.800000000000000266e-01
7.930000000000000382e-01
7.870000000000000329e-01
7.770000000000000240e-01
7.900000000000000355e-01
7.830000000000000293e-01
7.950000000000000400e-01
7.690000000000000169e-01
7.840000000000000302e-01
7.870000000000000329e-01
7.890000000000000346e-01
8.030000000000000471e-01
8.020000000000000462e-01
7.890000000000000346e-01
7.770000000000000240e-01
7.870000000000000329e-01
7.680000000000000160e-01
8.010000000000000453e-01
8.020000000000000462e-01
7.930000000000000382e-01
7.670000000000000151e-01
7.620000000000000107e-01
8.050000000000000488e-01
7.790000000000000258e-01
7.710000000000000187e-01
7.780000000000000249e-01
7.850000000000000311e-01
7.890000000000000346e-01
7.740000000000000213e-01
7.940000000000000391e-01
7.910000000000000364e-01
7.810000000000000275e-01
7.900000000000000355e-01
7.520000000000000018e-01
7.790000000000000258e-01
7.900000000000000355e-01
7.930000000000000382e-01
7.990000000000000435e-01
7.780000000000000249e-01
7.900000000000000355e-01
7.820000000000000284e-01
7.830000000000000293e-01
7.800000000000000266e-01
7.880000000000000338e-01
7.870000000000000329e-01
8.060000000000000497e-01
7.800000000000000266e-01
7.800000000000000266e-01
7.910000000000000364e-01
7.870000000000000329e-01
7.910000000000000364e-01
7.600000000000000089e-01
7.880000000000000338e-01
7.960000000000000409e-01
7.520000000000000018e-01
7.750000000000000222e-01
7.960000000000000409e-01
7.840000000000000302e-01
8.179999999999999494e-01
7.920000000000000373e-01
7.910000000000000364e-01
7.800000000000000266e-01
7.900000000000000355e-01
7.780000000000000249e-01
7.820000000000000284e-01
7.920000000000000373e-01
7.700000000000000178e-01
8.020000000000000462e-01
7.730000000000000204e-01
8.010000000000000453e-01
8.040000000000000480e-01
7.960000000000000409e-01
7.930000000000000382e-01
7.890000000000000346e-01
7.940000000000000391e-01
7.690000000000000169e-01
7.760000000000000231e-01
7.800000000000000266e-01
7.810000000000000275e-01
7.790000000000000258e-01
8.120000000000000551e-01
7.890000000000000346e-01
7.740000000000000213e-01
7.580000000000000071e-01
7.890000000000000346e-01
7.960000000000000409e-01
8.000000000000000444e-01
7.750000000000000222e-01
7.900000000000000355e-01
7.910000000000000364e-01
7.900000000000000355e-01
7.830000000000000293e-01
7.860000000000000320e-01
7.840000000000000302e-01
7.870000000000000329e-01
7.620000000000000107e-01
7.870000000000000329e-01
7.780000000000000249e-01
7.790000000000000258e-01
7.940000000000000391e-01
7.760000000000000231e-01
7.710000000000000187e-01
7.920000000000000373e-01
8.070000000000000506e-01
7.820000000000000284e-01
7.640000000000000124e-01
7.700000000000000178e-01
7.960000000000000409e-01
7.930000000000000382e-01
7.850000000000000311e-01
7.910000000000000364e-01
7.890000000000000346e-01
7.860000000000000320e-01
7.750000000000000222e-01
8.229999999999999538e-01
7.680000000000000160e-01
7.870000000000000329e-01
7.820000000000000284e-01
7.830000000000000293e-01
7.770000000000000240e-01
7.940000000000000391e-01
7.790000000000000258e-01
7.810000000000000275e-01
7.870000000000000329e-01
7.890000000000000346e-01
8.030000000000000471e-01
7.780000000000000249e-01
7.810000000000000275e-01
7.910000000000000364e-01
7.910000000000000364e-01
7.840000000000000302e-01
7.590000000000000080e-01
8.030000000000000471e-01
8.110000000000000542e-01
7.900000000000000355e-01
7.990000000000000435e-01
7.830000000000000293e-01
7.990000000000000435e-01
7.700000000000000178e-01
8.060000000000000497e-01
7.810000000000000275e-01
7.680000000000000160e-01
7.820000000000000284e-01
7.880000000000000338e-01
7.620000000000000107e-01
7.830000000000000293e-01
7.880000000000000338e-01
8.120000000000000551e-01
8.040000000000000480e-01
7.910000000000000364e-01
7.790000000000000258e-01
7.880000000000000338e-01
7.830000000000000293e-01
7.800000000000000266e-01
8.070000000000000506e-01
7.860000000000000320e-01
7.870000000000000329e-01
7.830000000000000293e-01
7.830000000000000293e-01
7.720000000000000195e-01
8.010000000000000453e-01
7.960000000000000409e-01
7.550000000000000044e-01
7.840000000000000302e-01
8.020000000000000462e-01
7.730000000000000204e-01
8.040000000000000480e-01
7.750000000000000222e-01
7.950000000000000400e-01
8.000000000000000444e-01
8.030000000000000471e-01
7.760000000000000231e-01
7.830000000000000293e-01
7.950000000000000400e-01
7.860000000000000320e-01
7.760000000000000231e-01
7.830000000000000293e-01
7.800000000000000266e-01
7.960000000000000409e-01
7.750000000000000222e-01
8.120000000000000551e-01
8.020000000000000462e-01
7.800000000000000266e-01
7.860000000000000320e-01
7.820000000000000284e-01
7.880000000000000338e-01
7.630000000000000115e-01
7.700000000000000178e-01
7.810000000000000275e-01
7.890000000000000346e-01
7.670000000000000151e-01
7.830000000000000293e-01
7.950000000000000400e-01
7.720000000000000195e-01
7.880000000000000338e-01
7.960000000000000409e-01
8.030000000000000471e-01
7.780000000000000249e-01
7.640000000000000124e-01
7.710000000000000187e-01
7.820000000000000284e-01
7.740000000000000213e-01
7.690000000000000169e-01
8.000000000000000444e-01
7.790000000000000258e-01
7.720000000000000195e-01
8.000000000000000444e-01
7.740000000000000213e-01
7.930000000000000382e-01
8.000000000000000444e-01
7.830000000000000293e-01
7.690000000000000169e-01
7.720000000000000195e-01
7.810000000000000275e-01
7.860000000000000320e-01
7.970000000000000417e-01
7.800000000000000266e-01
7.600000000000000089e-01
7.870000000000000329e-01
7.730000000000000204e-01
7.600000000000000089e-01
7.870000000000000329e-01
7.770000000000000240e-01
7.890000000000000346e-01
7.850000000000000311e-01
7.950000000000000400e-01
8.030000000000000471e-01
7.940000000000000391e-01
7.850000000000000311e-01
7.940000000000000391e-01
8.010000000000000453e-01
7.740000000000000213e-01
7.890000000000000346e-01
7.900000000000000355e-01
7.760000000000000231e-01
7.980000000000000426e-01
7.720000000000000195e-01
7.860000000000000320e-01
7.690000000000000169e-01
7.750000000000000222e-01
7.630000000000000115e-01
7.920000000000000373e-01
7.910000000000000364e-01
7.650000000000000133e-01
8.000000000000000444e-01
7.930000000000000382e-01
7.830000000000000293e-01
7.750000000000000222e-01
7.840000000000000302e-01
7.820000000000000284e-01
7.790000000000000258e-01
7.760000000000000231e-01
7.780000000000000249e-01
7.860000000000000320e-01
7.680000000000000160e-01
7.730000000000000204e-01
7.660000000000000142e-01
7.870000000000000329e-01
7.770000000000000240e-01
7.740000000000000213e-01
7.780000000000000249e-01
8.149999999999999467e-01
7.580000000000000071e-01
7.820000000000000284e-01
7.860000000000000320e-01
7.910000000000000364e-01
8.000000000000000444e-01
7.860000000000000320e-01
8.060000000000000497e-01
7.930000000000000382e-01
7.750000000000000222e-01
7.710000000000000187e-01
7.870000000000000329e-01
7.950000000000000400e-01
7.670000000000000151e-01
7.890000000000000346e-01
7.800000000000000266e-01
7.770000000000000240e-01
7.770000000000000240e-01
8.020000000000000462e-01
7.870000000000000329e-01
7.940000000000000391e-01
7.870000000000000329e-01
7.890000000000000346e-01
7.800000000000000266e-01
7.810000000000000275e-01
8.020000000000000462e-01
7.890000000000000346e-01
8.050000000000000488e-01
7.920000000000000373e-01
7.840000000000000302e-01
7.710000000000000187e-01
7.850000000000000311e-01
7.800000000000000266e-01
8.070000000000000506e-01
7.860000000000000320e-01
7.920000000000000373e-01
7.810000000000000275e-01
8.139999999999999458e-01
7.880000000000000338e-01
7.800000000000000266e-01
7.840000000000000302e-01
7.780000000000000249e-01
7.670000000000000151e-01
7.990000000000000435e-01
7.880000000000000338e-01
7.770000000000000240e-01
7.730000000000000204e-01
7.870000000000000329e-01
7.840000000000000302e-01
7.620000000000000107e-01
7.810000000000000275e-01
7.780000000000000249e-01
7.790000000000000258e-01
7.920000000000000373e-01
7.960000000000000409e-01
8.000000000000000444e-01
7.780000000000000249e-01
7.850000000000000311e-01
7.960000000000000409e-01
7.860000000000000320e-01
7.920000000000000373e-01
7.690000000000000169e-01
7.930000000000000382e-01
7.830000000000000293e-01
7.820000000000000284e-01
8.010000000000000453e-01
7.670000000000000151e-01
8.309999999999999609e-01
7.920000000000000373e-01
7.850000000000000311e-01
8.010000000000000453e-01
7.770000000000000240e-01
8.030000000000000471e-01
7.860000000000000320e-01
7.910000000000000364e-01
8.219999999999999529e-01
8.060000000000000497e-01
7.900000000000000355e-01
7.860000000000000320e-01
7.740000000000000213e-01
7.940000000000000391e-01
7.510000000000000009e-01
7.750000000000000222e-01
7.690000000000000169e-01
7.680000000000000160e-01
7.960000000000000409e-01
7.910000000000000364e-01
7.780000000000000249e-01
7.830000000000000293e-01
7.970000000000000417e-01
7.900000000000000355e-01
7.660000000000000142e-01
7.910000000000000364e-01
7.890000000000000346e-01
7.770000000000000240e-01
7.750000000000000222e-01
7.730000000000000204e-01
7.940000000000000391e-01
7.940000000000000391e-01
7.720000000000000195e-01
7.780000000000000249e-01
7.780000000000000249e-01
7.650000000000000133e-01
7.730000000000000204e-01
7.810000000000000275e-01
7.790000000000000258e-01
7.790000000000000258e-01
7.810000000000000275e-01
7.940000000000000391e-01
7.860000000000000320e-01
7.950000000000000400e-01
8.080000000000000515e-01
7.970000000000000417e-01
7.610000000000000098e-01
7.970000000000000417e-01
7.710000000000000187e-01
7.720000000000000195e-01
7.670000000000000151e-01
7.890000000000000346e-01
7.680000000000000160e-01
7.640000000000000124e-01
7.880000000000000338e-01
7.830000000000000293e-01
8.090000000000000524e-01
7.660000000000000142e-01
7.940000000000000391e-01
7.820000000000000284e-01
7.970000000000000417e-01
7.780000000000000249e-01
7.780000000000000249e-01
7.610000000000000098e-01
7.910000000000000364e-01
7.740000000000000213e-01
7.830000000000000293e-01
7.710000000000000187e-01
7.930000000000000382e-01
7.880000000000000338e-01
7.750000000000000222e-01
7.760000000000000231e-01
7.700000000000000178e-01
8.040000000000000480e-01
7.780000000000000249e-01
8.040000000000000480e-01
8.020000000000000462e-01
7.980000000000000426e-01
8.030000000000000471e-01
7.930000000000000382e-01
7.930000000000000382e-01
7.910000000000000364e-01
7.710000000000000187e-01
7.760000000000000231e-01
7.660000000000000142e-01
8.020000000000000462e-01
7.910000000000000364e-01
