7.772395221628114470e-01
7.881710553148079113e-01
7.798771230559039536e-01
7.890176608975727479e-01
7.770427402180621890e-01
7.854127968667953263e-01
7.833057345712011177e-01
7.815123696083904337e-01
7.893378059203838282e-01
7.890473951031865552e-01
7.756651239750672611e-01
7.917752319740959388e-01
7.965633874458311059e-01
7.783162600834688805e-01
7.959323293333462335e-01
7.839856320761743325e-01
7.792435586398257508e-01
7.937259004121853811e-01
7.819647553539429419e-01
7.801718373397031892e-01
7.814505092487097349e-01
7.900845927931747781e-01
7.882055250477395525e-01
7.806649309934250436e-01
7.868328939479032336e-01
7.949093064180489110e-01
7.959807778702172598e-01
7.795239728687052283e-01
7.849660474478790118e-01
7.770829625394632956e-01
7.816713097555058054e-01
7.710682771150295656e-01
7.837692055741477537e-01
7.782318447053284682e-01
7.954637145688967514e-01
7.806587314330591942e-01
7.937762361471895067e-01
7.914028445759507813e-01
7.734971890361104219e-01
7.774274121965319972e-01
7.879842502858450670e-01
7.890664678351743122e-01
7.920432534859517260e-01
7.988889811239553440e-01
7.893590103069457742e-01
7.753246626255581031e-01
7.982952567802896748e-01
7.869098035878666630e-01
7.914917926117160940e-01
7.942742404667320066e-01
7.754068769894690849e-01
7.764572712376700547e-01
7.677780864066781064e-01
7.784200493840116586e-01
7.915031069574122169e-01
7.771462332603039647e-01
7.885246030705691522e-01
7.790224483289173163e-01
7.838204457932083091e-01
8.000494097925938686e-01
7.800226126893458067e-01
7.739379488907930371e-01
7.837309254992987917e-01
7.882744821648427491e-01
7.773736119337065764e-01
7.911327317166169104e-01
7.882877447289967643e-01
7.940573888551641923e-01
7.872693902737151195e-01
7.928009848766545131e-01
7.857256569152628600e-01
7.864063817542770174e-01
7.827580117035016771e-01
7.963408759301994211e-01
7.868272368005779782e-01
7.799099582378269391e-01
7.657379998186067960e-01
7.681307550469983481e-01
7.967734100048382562e-01
7.753421868579989384e-01
7.849356332411041581e-01
7.845914477821349653e-01
7.767633686266006698e-01
7.970018010748538551e-01
7.878189153738035522e-01
7.807714433868593318e-01
7.849385814991771682e-01
7.785438825550353714e-01
7.846112395614005530e-01
7.769723877733131223e-01
7.846758122964638815e-01
7.912779015040189989e-01
7.844013134053593461e-01
7.814990353900665987e-01
7.879854007620622491e-01
7.912233576500306009e-01
7.766114795795013848e-01
7.989118309712116561e-01
7.843237683709024521e-01
7.879228574953727193e-01
7.889720592142277500e-01
7.937095163913201468e-01
7.917117295037274793e-01
7.815729422445513164e-01
7.957220750129219144e-01
7.871887508411243850e-01
7.790491251763731473e-01
7.900828751975771391e-01
7.812373605944733512e-01
7.668924615853622839e-01
7.770983077076133450e-01
7.921056728575789352e-01
7.898634874525392036e-01
7.810054508924010319e-01
7.865738207822965400e-01
7.750704679835410671e-01
7.732549131197743453e-01
7.826292287549264648e-01
7.685001583413614279e-01
7.782297561711709610e-01
7.842599943208400370e-01
7.748066852700159490e-01
7.861414638372880015e-01
7.817362146174143822e-01
7.843714231313461127e-01
7.814276258883026127e-01
7.952961273645171580e-01
7.738468791787854739e-01
7.815228397466813526e-01
7.862845103262310342e-01
7.845999519668063193e-01
7.822304396582667740e-01
7.851826203714092900e-01
7.869113650562579165e-01
7.907277202650589976e-01
7.975466620013207386e-01
7.772309581723552130e-01
7.825367374270529863e-01
7.839214576437802950e-01
7.775683161013866584e-01
7.815449188083932741e-01
7.873967352580680812e-01
7.840807791269801541e-01
7.896347345850412980e-01
7.828821347770665851e-01
7.761170660294229862e-01
7.882728795872192551e-01
7.960162098897307636e-01
7.813052568181049207e-01
7.825305146422599778e-01
7.776716446298432839e-01
7.798693118859616469e-01
7.781242483327919235e-01
7.897476610457340174e-01
7.850866525523922945e-01
7.751139157488440290e-01
7.848013546187012635e-01
7.688161671038182821e-01
7.928289897249355400e-01
7.888032620881301193e-01
7.881084840891837695e-01
7.822815590794005569e-01
7.890287652493641612e-01
7.786200599190495897e-01
8.027727268235769209e-01
7.929830163291428091e-01
7.741480979840070775e-01
7.903060734142532961e-01
7.839734844699103311e-01
7.780704321355295106e-01
7.744508110477403839e-01
7.772261574161107855e-01
7.902377041291053228e-01
7.859909133424202166e-01
7.735201013993728836e-01
7.897206568699066676e-01
7.789749862293556815e-01
7.809900121506120341e-01
7.955730739213783265e-01
7.812436854965295607e-01
7.789880381700337031e-01
7.808332726006378399e-01
7.815236170432843243e-01
7.909514743645633672e-01
7.988331773610319875e-01
7.784045301337871869e-01
7.843604428322514810e-01
7.768359914906837194e-01
7.984285327124129861e-01
7.934603688596919557e-01
7.793078826324522090e-01
7.739304859163628203e-01
7.896575685225623031e-01
7.868508140159247155e-01
7.819203242517512864e-01
7.819107507610084662e-01
7.881795509286241286e-01
7.720417174610822997e-01
7.862052145358923161e-01
7.848877346961792290e-01
7.883813934967613957e-01
7.752843043666748368e-01
7.905435594595698889e-01
7.856535776901379942e-01
8.020821963228387252e-01
7.960762790673895362e-01
7.797043309706211955e-01
7.992110704663634158e-01
7.852809837103580382e-01
7.849262535279050157e-01
7.984287130057906579e-01
8.068976918905793605e-01
7.718135014536412486e-01
7.982182087839982954e-01
7.883954868466378496e-01
7.752293016342177712e-01
7.782980841987685583e-01
7.742208004707553659e-01
7.951098298539628351e-01
7.774789124614303049e-01
7.982517939178453981e-01
7.715444650127384341e-01
7.833675521805294473e-01
7.888528758344072189e-01
7.787705902761609122e-01
7.880843433787666497e-01
7.834795847707818339e-01
8.000135614266107309e-01
7.770177649186175151e-01
7.828450383322583805e-01
7.855683468774735667e-01
8.011120562336230266e-01
7.975835970191247348e-01
7.950403890047617050e-01
7.945998566406002883e-01
7.832848384874439018e-01
7.757760393770894991e-01
7.791171498047265720e-01
7.773590644536232386e-01
7.779611067918890122e-01
7.830294811690966528e-01
7.709969121706061745e-01
7.826728285016423259e-01
7.856666270392126394e-01
7.927026196638523592e-01
7.985423246704331790e-01
7.938362610607956338e-01
7.820947211962366863e-01
7.866702714193415380e-01
7.915895680547753166e-01
7.775712327282628955e-01
7.975899230926938310e-01
7.970247240363658170e-01
7.818995875716757693e-01
7.953844370213141168e-01
7.818156931632900264e-01
7.869730286561367194e-01
7.881294739123011484e-01
7.797657001640373453e-01
7.745067808682423172e-01
7.869450663692719727e-01
7.750180284337313541e-01
7.859913065391510578e-01
7.768995334613446602e-01
7.911262996478721776e-01
7.839598439154117360e-01
7.765911028715402065e-01
7.840084445498437526e-01
7.714739153559307949e-01
7.868087880246632526e-01
7.839804114384559819e-01
7.958350122442252594e-01
7.826161962328792576e-01
7.774788714835507708e-01
7.826768509272191698e-01
7.816631688757531560e-01
7.917520397081236894e-01
7.901472016270815191e-01
7.807610547981510551e-01
7.777232438938916914e-01
7.899211256749946175e-01
7.898659884900358641e-01
7.992698461955634048e-01
7.820547204805927688e-01
7.735418885017129043e-01
7.774841095876664498e-01
7.853569304546321739e-01
7.907815746410560287e-01
7.868353657971205450e-01
7.767639439030357140e-01
7.835206049874137157e-01
7.848283761197111241e-01
7.908222168239203986e-01
7.903782353874834188e-01
7.896836415028352096e-01
7.910189708870866143e-01
7.952729732012947528e-01
7.853098913479122922e-01
7.805612247548004978e-01
7.783012387866655724e-01
7.861943525043292302e-01
7.886705511120442047e-01
7.819875670574890636e-01
7.911792913247552850e-01
7.753606457816138997e-01
7.893288125932390598e-01
7.875304946257677408e-01
7.840389889965772019e-01
7.807617428477340304e-01
7.882614741829809812e-01
7.812084197478764702e-01
7.843986731763458176e-01
7.759121862377932333e-01
7.854132960913966510e-01
7.838223777061035236e-01
7.882349726759839692e-01
7.760961213150839866e-01
7.862745570687192931e-01
7.879905058251449601e-01
7.953029980309249680e-01
7.940612009108638514e-01
7.862859070481974522e-01
7.896676252339377422e-01
7.923967867567495160e-01
7.846841542625816457e-01
7.916727350132078955e-01
7.954964767450778407e-01
7.844067781351568014e-01
7.859019915016877134e-01
7.869588073647255655e-01
7.797603493851941181e-01
7.827848607855841800e-01
7.904004031064207902e-01
7.946373632009930965e-01
7.753305438253884629e-01
7.971262428660967903e-01
7.814328030964927674e-01
7.899027976840536924e-01
7.936287129034252930e-01
7.776988000376716670e-01
7.830328918459040777e-01
7.888638600158103253e-01
7.902538729461653366e-01
7.919272352658341951e-01
7.841045890315909705e-01
7.861115409686960653e-01
7.790154703183409524e-01
7.872456221869141846e-01
7.931164311426739388e-01
7.801487696001555561e-01
7.860581606976131397e-01
7.785637830040461616e-01
7.824372276261389869e-01
7.871244309174150189e-01
7.831309277027589388e-01
7.842613415146738598e-01
7.861939516552254315e-01
7.801436879115213330e-01
7.880351986761290339e-01
7.977120236396285646e-01
8.060037885696972326e-01
7.879272497737820347e-01
7.934349426298323849e-01
8.000040016323957115e-01
7.864492844934286575e-01
7.780900115679103557e-01
7.828744935958944495e-01
7.799469193941767076e-01
7.779017941634699396e-01
7.831591497689152082e-01
7.870398993100118368e-01
7.891233129731952678e-01
7.887747359832821825e-01
7.764818484569012691e-01
7.946133931432374231e-01
7.856711540630205715e-01
7.842797376555171729e-01
7.842554928346548992e-01
7.931640191029761811e-01
7.914561588421301641e-01
7.874135039901661859e-01
7.865817546942189820e-01
7.842939194627973620e-01
7.789902942085602522e-01
7.861670067216475211e-01
7.871520724621398069e-01
7.843074317432976450e-01
7.829412361128654796e-01
7.890258630163126119e-01
7.838201528345229985e-01
7.834381369094293168e-01
7.727975594578799790e-01
7.842249851271164696e-01
7.854964156410395582e-01
7.840086413403108967e-01
7.857928733314962777e-01
8.016153000574317566e-01
7.860871150248771588e-01
7.788428248528960207e-01
7.999033899153228377e-01
7.870763896333705656e-01
7.835506555082778490e-01
8.042210773351828879e-01
7.918044255830045675e-01
7.839092578577387949e-01
7.884905673015482064e-01
7.798497881942537679e-01
7.892115837830426806e-01
7.797403595275532728e-01
7.768807349309669874e-01
7.828137265774344211e-01
7.745212995288672797e-01
7.691896677161128570e-01
7.799391981891237169e-01
7.884796402771573343e-01
7.690575968644920435e-01
7.922275398999595319e-01
7.871034104644488716e-01
7.914077490938999926e-01
7.927237939313868109e-01
7.828171522201291532e-01
7.813924580710487344e-01
7.946369597600925205e-01
7.843778233053994020e-01
7.875293559518987685e-01
7.714893558734968737e-01
7.899573402792484655e-01
7.891975165031300810e-01
7.820263094416490812e-01
7.809803718152906749e-01
7.846109537542619305e-01
7.920503985009900161e-01
8.075371990071207318e-01
7.870315296975427533e-01
7.797822607377840054e-01
7.905144095202270016e-01
7.734036308220838540e-01
7.885979847690093303e-01
7.739871146735514129e-01
7.835181158144721714e-01
7.837299019319337035e-01
7.826889833109739181e-01
7.933501637881488211e-01
7.879689072555051688e-01
7.894393537639605718e-01
7.794512187608586551e-01
7.804113435995624348e-01
7.893873113923601803e-01
7.788832774252294477e-01
7.878545863062956789e-01
8.049110405987934813e-01
7.841795160502754714e-01
7.843800606226482008e-01
7.911525342021511475e-01
7.862840255382209653e-01
7.937498956002334571e-01
7.762201191168398573e-01
7.773189849148572916e-01
7.822994458679377594e-01
7.731009971275585313e-01
7.925309125746236028e-01
7.858982153486722133e-01
7.858678973087476205e-01
7.880608534027785383e-01
7.725951031213015296e-01
7.852719352564089261e-01
7.771487468273419186e-01
7.818194348423043172e-01
7.845790818705563607e-01
7.760174657955409838e-01
7.917524907051302074e-01
7.864259956575686550e-01
7.930470869301180503e-01
7.881008072007722465e-01
7.903603149298551456e-01
7.921659332467343440e-01
7.907856197375028318e-01
7.924096736330789037e-01
7.810542245849347864e-01
7.767065369753111126e-01
7.813522635408441941e-01
7.811088675021252703e-01
7.959466419321633568e-01
7.699209580674832853e-01
7.914118642574980989e-01
7.935567709752565646e-01
7.867771028593688598e-01
7.987943843742374428e-01
7.892573742741705312e-01
7.882790535866553983e-01
7.833529287527002394e-01
7.863165575217415659e-01
7.955788317128849041e-01
7.834740997868409051e-01
7.952046372491051729e-01
7.950670103704620129e-01
7.915277441341519449e-01
7.696921037856058190e-01
7.789991175096201426e-01
8.003651143810706081e-01
