7.858293814879812045e-01
7.854502299668394416e-01
7.858009323132856272e-01
7.856598913433374687e-01
7.853861625187639195e-01
7.856030023999623912e-01
7.858502981111711305e-01
7.860159874097560895e-01
7.851454303692658732e-01
7.851319133624925506e-01
7.855273569115193144e-01
7.854645420230433883e-01
7.854056394198374313e-01
7.846851408943708028e-01
7.853486350540469507e-01
7.854342287798371514e-01
7.849731228405540939e-01
7.860311299450479794e-01
7.858670091294363003e-01
7.858911559146467551e-01
7.852691171580221674e-01
7.856229827318749193e-01
7.852238743478597849e-01
7.858387087541820470e-01
7.856791066341820562e-01
7.856538838882344278e-01
7.853535968086368113e-01
7.847285878507035406e-01
7.850346021568879173e-01
7.854368437533837399e-01
7.859206491518306859e-01
7.855183861761719788e-01
7.861367720337281151e-01
7.855480405809295297e-01
7.860079744025411097e-01
7.848201259014402353e-01
7.856796445693854380e-01
7.848582987563635927e-01
7.851248999026200215e-01
7.854336769004200969e-01
7.854982628541241629e-01
7.852597856941039289e-01
7.852915658995870407e-01
7.857778324552918692e-01
7.852462065947084513e-01
7.850626971546708077e-01
7.858005372838268165e-01
7.854203381549441643e-01
7.857525448993791795e-01
7.848291686326772654e-01
7.855716035734541247e-01
7.852653211266237276e-01
7.854897425647356934e-01
7.855846280402462023e-01
7.851225638981894628e-01
7.853136836876744020e-01
7.854237809604294185e-01
7.848624812926411343e-01
7.852665084070715729e-01
7.856880515819583133e-01
7.853160745098505258e-01
7.848108022683716323e-01
7.856114412051594664e-01
7.853957380608177496e-01
7.856476803977238133e-01
7.858060256755922124e-01
7.854222869267543095e-01
7.856497661604623373e-01
7.853170174601015185e-01
7.851627376324704644e-01
7.855803458532510941e-01
7.853511693496373347e-01
7.850509146923513315e-01
7.851735565568527253e-01
7.854710959239942225e-01
7.857887817390183383e-01
7.854848638138703931e-01
7.853719944238862771e-01
7.850875300345200314e-01
7.855641875393463147e-01
7.855410227186616634e-01
7.858994315951751686e-01
7.852328638687198215e-01
7.857998781756325712e-01
7.851946424413297487e-01
7.856364097557738679e-01
7.856274508925552569e-01
7.854141156264480284e-01
7.854285662824154191e-01
7.849514774328857358e-01
7.848933813251243174e-01
7.852601630415817491e-01
7.852295710408093710e-01
7.848787546954092420e-01
7.855517739446548076e-01
7.855575302597402887e-01
7.851627575876974907e-01
7.852713241073677741e-01
7.849780739814520292e-01
7.851900420021058480e-01
7.853184309888291414e-01
7.857906568582626594e-01
7.855770701522231114e-01
7.857008735810140365e-01
7.851846440185972220e-01
7.859557592067198950e-01
7.855174413322459914e-01
7.856787508243758822e-01
7.851949137705312998e-01
7.857502540087659693e-01
7.849053929227328696e-01
7.854584510972161260e-01
7.852383116456345125e-01
7.852909364650295654e-01
7.858903187084960162e-01
7.853844429711304143e-01
7.852041330636109207e-01
7.852277528932090078e-01
7.851348024165129003e-01
7.854886015049823422e-01
7.849850795071706688e-01
7.856868856499528153e-01
7.852667119242008331e-01
7.856879226495748769e-01
7.853386624607503474e-01
7.851470054946583232e-01
7.848855328255908148e-01
7.853220060780057299e-01
7.856254963677667957e-01
7.853158662283886704e-01
7.856168908284254515e-01
7.853777368762249189e-01
7.850686802180149026e-01
7.849295337460336919e-01
7.854469928936194112e-01
7.854083051913179903e-01
7.852991437293536103e-01
7.857572691442149537e-01
7.858552072802312827e-01
7.852553136111959375e-01
7.851170348875897709e-01
7.857746877436080357e-01
7.848410346271773586e-01
7.853343249466034903e-01
7.854813430792535467e-01
7.852455598313042850e-01
7.853930058470302011e-01
7.858992317987675280e-01
7.855898740962673488e-01
7.854354892694370704e-01
7.852573464400158798e-01
7.852641410950789158e-01
7.848801357112648036e-01
7.856403639459046406e-01
7.854950585746173219e-01
7.854592558812371061e-01
7.851685989997082560e-01
7.853418879917075657e-01
7.855530554861186454e-01
7.859821067326682176e-01
7.855044037239162780e-01
7.851752553944404411e-01
7.854476267108438936e-01
7.857732275560814772e-01
7.851499219274563623e-01
7.855332939798801428e-01
7.846875841152106679e-01
7.849429142717758712e-01
7.859358918242299596e-01
7.853685766949632940e-01
7.856237011844772189e-01
7.855281169829497756e-01
7.850504711450471129e-01
7.855672910711377632e-01
7.854741780005793927e-01
7.848415310250498322e-01
7.853335498972945361e-01
7.860642353005663496e-01
7.852498474418508900e-01
7.854034211871007143e-01
7.855500106952966188e-01
7.852507520282798748e-01
7.852702457972257077e-01
7.854177162518070077e-01
7.851861920068603506e-01
7.853748254188898104e-01
7.853102707041339503e-01
7.848614770495728754e-01
7.851681856678952576e-01
7.857512747602432013e-01
7.851652635342710740e-01
7.851541549711038570e-01
7.853651218927919508e-01
7.852023652471671333e-01
7.848806911603366521e-01
7.849891963077618717e-01
7.854496827521593172e-01
7.852362860006338874e-01
7.850636448108391230e-01
7.855639873149667940e-01
7.857380028766013380e-01
7.843045412323025323e-01
7.859410126350849790e-01
7.855939100875976022e-01
7.853318383914504874e-01
7.853241214200712417e-01
7.858084107888011483e-01
7.860796455706707819e-01
7.854904099725487088e-01
7.858744215448734138e-01
7.854162615848370166e-01
7.851231166242811366e-01
7.852391265329521364e-01
7.853422077524087053e-01
7.853227411230305766e-01
7.857670057834297284e-01
7.858653763868737041e-01
7.851483919449886439e-01
7.850329050595835634e-01
7.851832717625254476e-01
7.860403919632863445e-01
7.854987176426636575e-01
7.851374431711675150e-01
7.853191107692504280e-01
7.853900368987888347e-01
7.853937652597619001e-01
7.853984703420586744e-01
7.852846406715819905e-01
7.854809566090735773e-01
7.858423539828995885e-01
7.850187300308670846e-01
7.857435822750320487e-01
7.853888081929879528e-01
7.853459216659444131e-01
7.855278526094493508e-01
7.852973153397221351e-01
7.858829894990725373e-01
7.849465472492176410e-01
7.859309232279108048e-01
7.855140967979935551e-01
7.857614678224604798e-01
7.856939166056272628e-01
7.855495409333137502e-01
7.853304957959061916e-01
7.848978737157173979e-01
7.862873008277661002e-01
7.853574989339248136e-01
7.852733690019998436e-01
7.855090795217547495e-01
7.849508444684397679e-01
7.856711830924112405e-01
7.855555845142194737e-01
7.855675789748745030e-01
7.850877785250309771e-01
7.852487630862322598e-01
7.853429593655846253e-01
7.851927954990709502e-01
7.858061730205970763e-01
7.851810174341071757e-01
7.850773347528273716e-01
7.854304689694197039e-01
7.849834422570697301e-01
7.855539242070699313e-01
7.852700046237590659e-01
7.858948244428678453e-01
7.853219509202190585e-01
7.853179219475845407e-01
7.860327912911853065e-01
7.855778583915036251e-01
7.855139486311037977e-01
7.856185228904711826e-01
7.847818966327066992e-01
7.852102448485924757e-01
7.857699722173016044e-01
7.849919654541092084e-01
7.856302979070404202e-01
7.854136146984741496e-01
7.855555711811128550e-01
7.852807083362792762e-01
7.851887812822194723e-01
7.849944329308581326e-01
7.856186659505032255e-01
7.854238189954722005e-01
7.848653929705393661e-01
7.852594147693131577e-01
7.848205442048976632e-01
7.853411881245537796e-01
7.854527065594275603e-01
7.846391948760957913e-01
7.862223999140386388e-01
7.850816536420052172e-01
7.852295260785803199e-01
7.856032594832018656e-01
7.851183931118690396e-01
7.856898203978445183e-01
7.850037210783502584e-01
7.853198676331627492e-01
7.849916159182820374e-01
7.856354997699729337e-01
7.851033293631596299e-01
7.854565954925332161e-01
7.851983330269122208e-01
7.856222755821543613e-01
7.851920450718699040e-01
7.855846447450788306e-01
7.856628201953363977e-01
7.852787697197198824e-01
7.849006825385465014e-01
7.855643722767350345e-01
7.858350647331859840e-01
7.860112546120064936e-01
7.851857821473612331e-01
7.864948490338271592e-01
7.856506211877571921e-01
7.857181390995829906e-01
7.861042638929619519e-01
7.850833678262356674e-01
7.851452341744455943e-01
7.853144158124620855e-01
7.853121190691716436e-01
7.853891257143239546e-01
7.854371047425289243e-01
7.853512959691094641e-01
7.855543544121815769e-01
7.854961665595383558e-01
7.853384065744049014e-01
7.851694150441386189e-01
7.852461789682251281e-01
7.853289336630122630e-01
7.859183738925404894e-01
7.853400309619192887e-01
7.854400435325525898e-01
7.850940777511945523e-01
7.855928022489468976e-01
7.856720585369252330e-01
7.851674298933569718e-01
7.856986854482870264e-01
7.854240940760180978e-01
7.853853556852500306e-01
7.851945237716925208e-01
7.854122117702858619e-01
7.850941029554817652e-01
7.857735358089900091e-01
7.850724695267646824e-01
7.850934849518360625e-01
7.851569872080355061e-01
7.846602296476609117e-01
7.855686276677891211e-01
7.854052113680426439e-01
7.857450162200292354e-01
7.855714090736882760e-01
7.855638720265597508e-01
7.853069645713567359e-01
7.856114171786592326e-01
7.850761803298802466e-01
7.851675703135513329e-01
7.855631025593040606e-01
7.855448959274015097e-01
7.850566370281621964e-01
7.854919542251340703e-01
7.854559956493193384e-01
7.852507398639840819e-01
7.858488369447785837e-01
7.850021719357939132e-01
7.854284672406225409e-01
7.855182756159743152e-01
7.854358049719423196e-01
7.857416695938200801e-01
7.854143777513730162e-01
7.851091297434227290e-01
7.850911284831215697e-01
7.851355727697685305e-01
7.856033461208842272e-01
7.848639195998202700e-01
7.854053459528314018e-01
7.852176010625884217e-01
7.855686738237375177e-01
7.855151970973928144e-01
7.854121077096298809e-01
7.847542912247035263e-01
7.849711617443091427e-01
7.854347411109012800e-01
7.851043247843363382e-01
7.862114539373548094e-01
7.854646754780439943e-01
7.856071861581233051e-01
7.852964405051399144e-01
7.850904167667538402e-01
7.858317085727732909e-01
7.851450319788847443e-01
7.853529965686302239e-01
7.858202783253412926e-01
7.853116180351092934e-01
7.856000456763750917e-01
7.855098570861462903e-01
7.852051422808468129e-01
7.853633619199507088e-01
7.853945207478680857e-01
7.854921223750034320e-01
7.850809627614133701e-01
7.850684583503044767e-01
7.853762570625583139e-01
7.848601941915398506e-01
7.851375154587126870e-01
7.855905803005056587e-01
7.853065027805952170e-01
7.853891877098311269e-01
7.858359824408628347e-01
7.852143436509041452e-01
7.850535866184642497e-01
7.861507793690378776e-01
7.852625785153302118e-01
7.848052256852534603e-01
7.851514613794244868e-01
7.851715335731359602e-01
7.853979909532621262e-01
7.856183327154974139e-01
7.850534128171781090e-01
7.850596002486420755e-01
7.855590098868074911e-01
7.855932022206277843e-01
7.850425789681533262e-01
7.858931102710251526e-01
7.854854528292420923e-01
7.852281640626395109e-01
7.845716845416482732e-01
7.858853057543060405e-01
7.855317433962186735e-01
7.855713705072596698e-01
7.855151337772424691e-01
7.856119046986732579e-01
7.853947276142539957e-01
7.848851060661820034e-01
7.856865683633559305e-01
7.852580937074937761e-01
7.854734165277138525e-01
7.859477926689946159e-01
7.855117215220017712e-01
7.855956773079295630e-01
7.857592581382261132e-01
7.853848491578868662e-01
7.852805658486408102e-01
7.857387359658181136e-01
7.852638884487713744e-01
7.851535289900088976e-01
7.854590429752297265e-01
7.855268447074807980e-01
7.856560174306574940e-01
7.853886141099182261e-01
7.852105771010002844e-01
7.853829088541226522e-01
7.853336569719526761e-01
7.856189074109962700e-01
7.854770368616420528e-01
7.851374656109879613e-01
7.852188596225108119e-01
7.856750506059485550e-01
7.859867990667838145e-01
7.855947758405471548e-01
7.850033003627709949e-01
7.851837017185100409e-01
7.855814088967707498e-01
7.855844795853897944e-01
7.848306409721931276e-01
7.850887078030659438e-01
7.853130801167430564e-01
7.856478181684050099e-01
7.858514664811125927e-01
7.853910504715367891e-01
7.855126355479564726e-01
7.853081199991044370e-01
7.846891379417531009e-01
7.850616382296250473e-01
7.849939118914185388e-01
7.859198132348984567e-01
7.856043273694338636e-01
7.855043227162634700e-01
7.847860406118328802e-01
7.855014007547039823e-01
7.849966250359889930e-01
7.853065975976523116e-01
7.854084091206475771e-01
7.851507122424226104e-01
7.854922248280387098e-01
7.862348275593142866e-01
7.854008696831127345e-01
7.851332181076899897e-01
7.856428242661678274e-01
7.856327453984193188e-01
7.852215099022136213e-01
7.852294702230011580e-01
7.852200169787448836e-01
7.857308641198359478e-01
7.856371616361763621e-01
7.854496775220085603e-01
7.851090593054327327e-01
7.854778206561585652e-01
7.853687294584634770e-01
7.858137835710911068e-01
7.852548033738406819e-01
