7.827372549389303158e-01
7.846865228313155693e-01
7.826748366089760767e-01
7.845866184703992330e-01
7.879724639443267398e-01
7.900147330797261391e-01
7.832092075146667165e-01
7.854680808703080608e-01
7.871568603363789940e-01
7.846109643246085286e-01
7.851264534691808628e-01
7.805405092355839347e-01
7.830277510446794764e-01
7.828064475211075068e-01
7.850285755792517639e-01
7.865648058956727917e-01
7.865271255674526341e-01
7.881378862665897600e-01
7.854069501525416941e-01
7.817302084086793501e-01
7.846608283445412058e-01
7.880695810718622019e-01
7.851924701635545345e-01
7.863677466164291641e-01
7.837785496110287742e-01
7.852743959920962524e-01
7.865591388489375779e-01
7.871272223128453760e-01
7.875708194353564506e-01
7.855827635116576779e-01
7.850266161537687859e-01
7.886707526291760750e-01
7.834197113547350932e-01
7.860329716858494020e-01
7.876010024990378611e-01
7.821900378924780961e-01
7.851266617590745289e-01
7.843053357693674510e-01
7.877166032714262300e-01
7.826991661729012506e-01
7.841861058213065450e-01
7.828823080284378344e-01
7.867148942144387425e-01
7.831380503275960914e-01
7.822889958586247694e-01
7.840862717448289221e-01
7.857708364116453570e-01
7.867018259314882966e-01
7.880448823533016123e-01
7.870557543951131052e-01
7.848017725538048994e-01
7.838027448735328528e-01
7.881270293193783916e-01
7.861797882777890045e-01
7.779250767988703519e-01
7.871010639422809652e-01
7.856607208080609306e-01
7.832033042374758613e-01
7.824448160588024503e-01
7.897692051304696648e-01
7.852032566984328277e-01
7.844641820942557242e-01
7.901468076572177868e-01
7.845816587986182977e-01
7.868894349492315810e-01
7.835587137951406378e-01
7.872789273706617408e-01
7.896216316307395067e-01
7.872640974133675584e-01
7.838166176295170429e-01
7.840093438098342249e-01
7.881433273238445114e-01
7.882789114210038139e-01
7.853519064192100441e-01
7.827387509285596012e-01
7.837306021297332226e-01
7.820238186566860206e-01
7.884488627357373325e-01
7.883584093474313992e-01
7.883817116868333530e-01
7.859760285262770152e-01
7.870691918797779740e-01
7.869964504526816285e-01
7.881936659768463693e-01
7.848732000542331111e-01
7.833541917048642000e-01
7.833469813069504628e-01
7.867179538346718015e-01
7.876515204127890746e-01
7.874172069889822101e-01
7.826719252155193152e-01
7.883419040829959812e-01
7.862725273816790761e-01
7.847212990753350548e-01
7.856497161773304816e-01
7.872476253187478124e-01
7.852413592940162834e-01
7.831368615769026542e-01
7.840606588677102584e-01
7.857440468451870608e-01
7.862754322179985600e-01
7.861148682955392264e-01
7.848996787624920035e-01
7.868968098479699469e-01
7.876891732959621084e-01
7.847578896788611758e-01
7.830676836291516896e-01
7.905240958781291072e-01
7.832910335958689352e-01
7.861068397025177124e-01
7.847636520072998056e-01
7.811368299514457325e-01
7.887299354481339675e-01
7.853769574376668894e-01
7.853800175228945468e-01
7.845944373171976904e-01
7.847700510359717496e-01
7.826881571122886738e-01
7.805844121442719885e-01
7.843036676770563931e-01
7.876827248624340694e-01
7.868439967757610010e-01
7.844436526700104828e-01
7.860244059259161586e-01
7.835076604547035473e-01
7.874174667635222002e-01
7.826557342973962106e-01
7.834469670545588516e-01
7.840997491287303722e-01
7.814997867505432128e-01
7.861953300350184026e-01
7.861060055399465840e-01
7.896084168695535199e-01
7.837653366429463420e-01
7.839655967725258634e-01
7.854544840830980368e-01
7.830867065081538181e-01
7.843924708983627259e-01
7.863152093300846968e-01
7.898210516032897477e-01
7.887671858372863332e-01
7.850870601196167087e-01
7.825947716014710620e-01
7.862935765271346078e-01
7.897002258291828669e-01
7.855355108660971863e-01
7.903906960346095412e-01
7.870067543659023945e-01
7.805701090365945172e-01
7.841595160872151249e-01
7.852469329214575300e-01
7.827134656223305731e-01
7.815389877848574196e-01
7.863489539379520110e-01
7.869221398024425218e-01
7.878656686684826216e-01
7.817952533833841811e-01
7.856333673409877649e-01
7.840482674930226992e-01
7.906304253827840522e-01
7.867907002968250740e-01
7.852033797115907099e-01
7.874271644160613093e-01
7.897292556153339138e-01
7.862863754724843668e-01
7.876408582669397473e-01
7.835823529119610997e-01
7.846746896723837406e-01
7.899824736425969940e-01
7.833397718691422762e-01
7.839825748006270523e-01
7.822151486166236678e-01
7.828061515664267445e-01
7.872640094403197120e-01
7.830240175165732452e-01
7.819005010044874915e-01
7.829428602800502235e-01
7.851124276969522198e-01
7.823643506275089754e-01
7.867697120904109109e-01
7.837599586121531958e-01
7.863048343851580801e-01
7.841757431132786449e-01
7.859407320203252167e-01
7.811766696292128387e-01
7.852327471754432242e-01
7.801644251400779995e-01
7.864641965410964497e-01
7.849496298727541843e-01
7.811188025007099744e-01
7.852310432676097296e-01
7.872758566842329442e-01
7.849388592359518579e-01
7.830578452397013445e-01
7.860839891179213224e-01
7.835356675435702911e-01
7.870728545790934838e-01
7.845225959375246028e-01
7.806392467911418276e-01
7.870173727145794995e-01
7.830457668533323812e-01
7.874654636259339480e-01
7.847054985335000232e-01
7.851334079559921797e-01
7.852140403511371769e-01
7.851186371850086276e-01
7.826693786875663639e-01
7.819926586616153807e-01
7.861925611314858342e-01
7.848229110753892623e-01
7.858482092977343569e-01
7.872170364984575341e-01
7.838333289787922098e-01
7.855610881471718487e-01
7.837136946296081597e-01
7.834217121896832614e-01
7.873593121030316722e-01
7.846024566717447746e-01
7.843192898136052138e-01
7.856611289975932166e-01
7.853477725063049419e-01
7.888806452963285087e-01
7.832524148411699194e-01
7.859089151362778081e-01
7.863921048323648799e-01
7.824955635656039021e-01
7.844089561586539139e-01
7.835666454651505353e-01
7.854114196336269282e-01
7.818021574663973627e-01
7.842548014341830243e-01
7.809936305786515653e-01
7.832690494427584360e-01
7.861380139356158869e-01
7.856685647661869609e-01
7.804782405875276829e-01
7.853982107014300107e-01
7.822689307509004264e-01
7.888664636814238795e-01
7.859042980194032024e-01
7.856932540548997590e-01
7.871068900517278477e-01
7.880845372115540259e-01
7.843004575739982442e-01
7.860024609015555663e-01
7.875022019560790065e-01
7.817401630933594747e-01
7.852477124151238108e-01
7.828871814279696473e-01
7.857632849095682603e-01
7.868234920728057746e-01
7.862888260865664725e-01
7.881384114572892452e-01
7.829985444735602096e-01
7.825650588377055517e-01
7.845325165714274185e-01
7.901528775858583931e-01
7.851042429678265488e-01
7.838342353404417207e-01
7.848538180230154593e-01
7.852679922472198815e-01
7.839214669160861071e-01
7.852860112948514271e-01
7.866612612116324899e-01
7.866414821483054265e-01
7.835690427846432327e-01
7.819641831371277885e-01
7.850915602217879430e-01
7.825694715121516154e-01
7.854501469465545727e-01
7.883804486587283611e-01
7.844598783052580959e-01
7.834462444160179562e-01
7.866630437590933500e-01
7.851657203629640591e-01
7.875805934678205000e-01
7.885074370035557445e-01
7.834518959871589194e-01
7.798250044863809238e-01
7.854172831666833554e-01
7.850053814655231221e-01
7.848520987860785336e-01
7.824283197491005426e-01
7.838095888479736928e-01
7.832028029245873268e-01
7.839557187563924723e-01
7.848487307002668389e-01
7.859746077554992105e-01
7.885316264521076146e-01
7.856548538939021054e-01
7.853053461380361533e-01
7.862724687675030077e-01
7.825057402041767363e-01
7.815829709015154059e-01
7.828689161206566771e-01
7.897872264169439882e-01
7.856561300534252723e-01
7.849252553374487240e-01
7.840817148837154749e-01
7.864793523476167891e-01
7.871937673625055698e-01
7.844421018370442145e-01
7.866780099655126257e-01
7.871486980879315309e-01
7.820916921036454861e-01
7.837251327761961539e-01
7.853851072883863971e-01
7.859920116550536129e-01
7.862130821028288086e-01
7.847735969519126220e-01
7.852566969243431894e-01
7.836536880953508533e-01
7.896686376211410341e-01
7.828363211618183382e-01
7.832770284574075426e-01
7.835081563928266712e-01
7.856859045798255670e-01
7.829287523705689145e-01
7.860058368045833577e-01
7.864147905629454982e-01
7.806461364463890273e-01
7.837568596346482508e-01
7.854183755582696547e-01
7.845810370859819249e-01
7.860663839946017140e-01
7.860402978563854060e-01
7.859392439940083852e-01
7.884174750281947031e-01
7.855574714931866653e-01
7.859538524553633110e-01
7.829398998951279109e-01
7.831204570995152769e-01
7.858845618961616264e-01
7.845476542126947894e-01
7.862016976275018054e-01
7.865341603120328262e-01
7.852458834765435602e-01
7.856616330126144909e-01
7.839407350722796819e-01
7.844615937844838793e-01
7.869872361409586681e-01
7.849345103172152838e-01
7.858859900902368523e-01
7.869205126179431575e-01
7.866638061829629436e-01
7.797026331286303069e-01
7.860997043598492162e-01
7.867304953876681495e-01
7.821836066352417793e-01
7.877042052478205880e-01
7.845803028111413280e-01
7.862944033020107248e-01
7.867222112247568289e-01
7.841504280739027832e-01
7.823452134294475169e-01
7.845689341252715110e-01
7.858128184033764674e-01
7.879411829404784351e-01
7.854448232760361526e-01
7.843389261400387502e-01
7.860425954244310009e-01
7.824279327812874163e-01
7.865298936024220922e-01
7.857048558311682251e-01
7.864051676753217590e-01
7.832086830203648375e-01
7.873971451638093200e-01
7.878656653461680870e-01
7.853128198510379576e-01
7.851049205982196799e-01
7.822552115619569868e-01
7.846699011103781540e-01
7.816472933697981018e-01
7.870956759938932956e-01
7.859642061035838623e-01
7.878985444460464560e-01
7.877985285070419064e-01
7.844771890233525058e-01
7.868927441005800771e-01
7.843904473726406312e-01
7.870359571304238466e-01
7.828415053975615878e-01
7.846088495848547728e-01
7.865731928925863148e-01
7.845457452491763073e-01
7.842363877069074007e-01
7.861774243940312656e-01
7.876559744346744996e-01
7.888140440699282774e-01
7.874034332367435551e-01
7.884368849730961637e-01
7.862092685982797757e-01
7.837765539775053414e-01
7.878255085969052551e-01
7.873892872662974218e-01
7.865067155501664908e-01
7.888164054613846510e-01
7.857648763736324593e-01
7.868017045667944354e-01
7.874645056884355121e-01
7.837248976778966592e-01
7.853767559027804435e-01
7.883976483655460443e-01
7.873760952511829059e-01
7.877084789504412710e-01
7.817079655847098962e-01
7.895359576668249391e-01
7.871621130604933292e-01
7.862088895210064265e-01
7.835001117430955286e-01
7.858200931994526739e-01
7.851230271078392109e-01
7.858874122352378366e-01
7.848558472108139172e-01
7.879334373892430410e-01
7.870247411276031224e-01
7.860730143994932861e-01
7.885104704642607043e-01
7.865435151767402600e-01
7.854886638043617753e-01
7.849143623921599477e-01
7.852967413316581657e-01
7.827188083715416189e-01
7.877757835009516763e-01
7.829181388563505317e-01
7.883935967679471801e-01
7.871833343270910888e-01
7.858064167278837608e-01
7.867526024029434240e-01
7.875550768660667389e-01
7.815392345793205076e-01
7.826434151309643594e-01
7.859645184421786279e-01
7.842004145199555909e-01
7.838367638570137297e-01
7.873597148876431140e-01
7.820594581897634123e-01
7.832960714425053483e-01
7.879211867615604215e-01
7.886811011748815492e-01
7.832532312713917921e-01
7.876622215676764016e-01
7.848055727433165263e-01
7.847019051721451088e-01
7.871782676197711659e-01
7.851509776843075272e-01
7.862266811548727086e-01
7.822569103767941234e-01
7.905944566993854394e-01
7.863622814206034928e-01
7.860053337446715194e-01
7.863423158018529868e-01
7.856896108202491291e-01
7.853145509869861041e-01
7.843112017480468046e-01
7.862705122680084813e-01
7.828013614858913005e-01
7.847063497528229403e-01
7.882708993067942815e-01
7.829115949528989704e-01
7.843269686285291309e-01
7.871970314839532579e-01
7.811180763422304052e-01
7.876183733033420564e-01
7.840515338853830674e-01
7.843986013938634150e-01
7.895776880357949778e-01
7.886466186301182013e-01
7.852272736088857785e-01
7.833649776135725995e-01
7.879499792772528544e-01
7.816345853158380708e-01
7.837836292915613123e-01
7.867350511185502437e-01
7.833032348466258954e-01
7.871417100161152147e-01
7.854361172626186383e-01
7.891987184018675050e-01
7.850059974590177791e-01
7.873985734990975871e-01
7.880360473965010160e-01
7.857089266502006453e-01
7.876798011216425976e-01
7.863613128723091483e-01
7.859510343964108969e-01
7.846327770718145578e-01
7.826980611346043837e-01
7.875945712225026485e-01
7.858541703390672373e-01
7.840741883630689690e-01
7.857177933834985639e-01
7.863223187215410137e-01
7.840711925508612179e-01
7.844962816303608921e-01
7.839410818222405375e-01
7.848256616251093609e-01
7.831575135763074735e-01
7.840482381573603554e-01
7.889696804015157161e-01
7.870319660098001879e-01
