7.857917122810866850e-01
7.864327279403811044e-01
7.857330667186289697e-01
7.852183088783586395e-01
7.862060643787354142e-01
7.853084028043981757e-01
7.851318499094378511e-01
7.858061378770100358e-01
7.856154788019549251e-01
7.857973007518073150e-01
7.825604756255586381e-01
7.853994591779506207e-01
7.857313042425229099e-01
7.854402430540663449e-01
7.841254705226418098e-01
7.853196704807883233e-01
7.855940811598005613e-01
7.840912747250482484e-01
7.861008138783137644e-01
7.857744782519339166e-01
7.850183778128140277e-01
7.854957539866838090e-01
7.841225584706343898e-01
7.859826888948445722e-01
7.857534483994456087e-01
7.853744981797607938e-01
7.866462099380081563e-01
7.842369921252411169e-01
7.853798497694574055e-01
7.864341445114981788e-01
7.846393947259965307e-01
7.850793594367553307e-01
7.864669209268340122e-01
7.863012702561076317e-01
7.863642829781231081e-01
7.844311550618111584e-01
7.864812143727694105e-01
7.857189029232936051e-01
7.853000717976791334e-01
7.847334441937489080e-01
7.842417484672926653e-01
7.867399195277462454e-01
7.858872306875817060e-01
7.869907227423224017e-01
7.853404373894511403e-01
7.855978725773176130e-01
7.842877004450270473e-01
7.859106293965300027e-01
7.873627091930961441e-01
7.857884400800471125e-01
7.857713276228495136e-01
7.866218023671645021e-01
7.860128645342703280e-01
7.846553783345073807e-01
7.846984951299509348e-01
7.856106718997021288e-01
7.841254099249828080e-01
7.841374862048335892e-01
7.845849103509093814e-01
7.851164823219006772e-01
7.861295150639427964e-01
7.861977067362609928e-01
7.843383442730464949e-01
7.849593356948770806e-01
7.854534879673553682e-01
7.849910849600800766e-01
7.849676883791671944e-01
7.868360586143948732e-01
7.850134199350725650e-01
7.835523715746405271e-01
7.850853604258942742e-01
7.846134544872721550e-01
7.846192255643328339e-01
7.831456846389898141e-01
7.871727777023318495e-01
7.853069523418937381e-01
7.852223974469014767e-01
7.838088779463125988e-01
7.846613807527208495e-01
7.841763697764232433e-01
7.857498411006861305e-01
7.855215789009954985e-01
7.856893817186968443e-01
7.858956923647760773e-01
7.860861345346562556e-01
7.862522186706459859e-01
7.848378621896706653e-01
7.845061402515257631e-01
7.870917789414292320e-01
7.870729985409161689e-01
7.842785973481158912e-01
7.850288758582604220e-01
7.862118355746896547e-01
7.851225776389854083e-01
7.855280480878429339e-01
7.848369827059886727e-01
7.853594212950574249e-01
7.861540672669574681e-01
7.849858614022660053e-01
7.847519351507039609e-01
7.849036866552527858e-01
7.860319739841044040e-01
7.853094315871368414e-01
7.861977506998406584e-01
7.844826043276272864e-01
7.848751190338623118e-01
7.853959425116237014e-01
7.866513411078555063e-01
7.837658056105990534e-01
7.838129811111774758e-01
7.850929395779280284e-01
7.858898556608153729e-01
7.852920726979590871e-01
7.860130938673678402e-01
7.857062953178971521e-01
7.850330858556420210e-01
7.848546911094630429e-01
7.862720214523960527e-01
7.866607565214313036e-01
7.842701817982674628e-01
7.833533203578848525e-01
7.854266795146886970e-01
7.846043848942176879e-01
7.854325409156224236e-01
7.864028843433267246e-01
7.847626312292199646e-01
7.840077211140666913e-01
7.850482610264637451e-01
7.862512067753067990e-01
7.840330100485819464e-01
7.856717623540997453e-01
7.862619474993678415e-01
7.868240489807746263e-01
7.852163916870674720e-01
7.847907165379930383e-01
7.848051147380676884e-01
7.849689909448840375e-01
7.863942911662021862e-01
7.833310876156507341e-01
7.835797616522681697e-01
7.839165676423845985e-01
7.863458501930650213e-01
7.855101394579443452e-01
7.849709539254968726e-01
7.857665286809794036e-01
7.867903150785761079e-01
7.850727800772563381e-01
7.869038552445642987e-01
7.851085529646874006e-01
7.858006392483590785e-01
7.876180732336637291e-01
7.864458162163264765e-01
7.847218580650978659e-01
7.851062598018997418e-01
7.863825177680646705e-01
7.841065204932258226e-01
7.864371284261305606e-01
7.845797835296094425e-01
7.858747632120854920e-01
7.840838872503433921e-01
7.857372172456659198e-01
7.847009412812118168e-01
7.860194149056866086e-01
7.859849428201302057e-01
7.854034025087816007e-01
7.851614499974526318e-01
7.846749150290270869e-01
7.842734674046508703e-01
7.851988045126324645e-01
7.843481556412210676e-01
7.865575072332919859e-01
7.862048177307846553e-01
7.839740125792141745e-01
7.852940571189646057e-01
7.856790386111603963e-01
7.854473940851600666e-01
7.870151584871339923e-01
7.850845424218587665e-01
7.840891088196817460e-01
7.862845973992312887e-01
7.847910577107745089e-01
7.848808106796446582e-01
7.846335256830856419e-01
7.870770210725235305e-01
7.868686450496137352e-01
7.859664485527024791e-01
7.855828404148854638e-01
7.835140141980568851e-01
7.836164241894599813e-01
7.855943377785558068e-01
7.839391362104867200e-01
7.868597456859593997e-01
7.864703396668786262e-01
7.851262104688637722e-01
7.849821189747467898e-01
7.856755696180267590e-01
7.848113384031593087e-01
7.855048820807269960e-01
7.855269126561694737e-01
7.838958651179974702e-01
7.855722869266599240e-01
7.857803423056701764e-01
7.867238093992334758e-01
7.870719201841560597e-01
7.862128242593051652e-01
7.861639586620582376e-01
7.876028430523548396e-01
7.842355069079838259e-01
7.843120826744675034e-01
7.849254819262260208e-01
7.860387242327839807e-01
7.848049406800244876e-01
7.854764430174544509e-01
7.848174958943963109e-01
7.862824769435825534e-01
7.831958011678956666e-01
7.844954823682598333e-01
7.856761891820768229e-01
7.867814610407963816e-01
7.847402364426073751e-01
7.869257992881455444e-01
7.859912297188466068e-01
7.878114500288562194e-01
7.834497468855992075e-01
7.859521623862627537e-01
7.856995202561719571e-01
7.847468285023694312e-01
7.851300181519305088e-01
7.853856797330011075e-01
7.850879938624796273e-01
7.860867638728238349e-01
7.865052531407312753e-01
7.866845211808444205e-01
7.841551066514433899e-01
7.840383784515960741e-01
7.846592298392928155e-01
7.844835714825282302e-01
7.851977397546195947e-01
7.843680430070916199e-01
7.846146813369264672e-01
7.842607662846940997e-01
7.856688428311853212e-01
7.868284616239591411e-01
7.870908130231237809e-01
7.865001240508973090e-01
7.849113305087431769e-01
7.855316040291804303e-01
7.847072487228813342e-01
7.839733202459564509e-01
7.844236167118491254e-01
7.846280663159518332e-01
7.847247690715122292e-01
7.849593473901913532e-01
7.851976647031039258e-01
7.857494173498629220e-01
7.854668401702615821e-01
7.853181852432796761e-01
7.857851368940649284e-01
7.855386800280038662e-01
7.842793905973076685e-01
7.856128565620303927e-01
7.844614535420774137e-01
7.855951704314464434e-01
7.869138574410439180e-01
7.840439266146049802e-01
7.862970923459774442e-01
7.842113370979841847e-01
7.842633028694598885e-01
7.844563738462151381e-01
7.845286398958941643e-01
7.876366442106765842e-01
7.848276893362980955e-01
7.856103253364775663e-01
7.866777142971570491e-01
7.863155768633686149e-01
7.856955691806893904e-01
7.846881913983387857e-01
7.840920584660329151e-01
7.845126180827733942e-01
7.839023717624711285e-01
7.850971924671281688e-01
7.871756402546218334e-01
7.859523982088221228e-01
7.853608520202405296e-01
7.868306230615592645e-01
7.840148587724007356e-01
7.844044534501523058e-01
7.843486756347251010e-01
7.845629610274083010e-01
7.848044982959322402e-01
7.840529874542003785e-01
7.868496070270257770e-01
7.844537673723273041e-01
7.852713283181286252e-01
7.840669966487816556e-01
7.850894414093257945e-01
7.856723411773104404e-01
7.846847399569090165e-01
7.866280286492721707e-01
7.865150446546703700e-01
7.858739123969201712e-01
7.859327670973493829e-01
7.859072985087227625e-01
7.869171596415122094e-01
7.863656610902450828e-01
7.859748990185047024e-01
7.847711946494485558e-01
7.861246493584798101e-01
7.843531697065677655e-01
7.865532151179411846e-01
7.869740749383258294e-01
7.844085565232921109e-01
7.849231933418538976e-01
7.862404038357864167e-01
7.871843696836680060e-01
7.843900966037795630e-01
7.853206147961240280e-01
7.846624155985991722e-01
7.853014344023013793e-01
7.845596200157851641e-01
7.847078080337174244e-01
7.856613262454419377e-01
7.849216185338707685e-01
7.842942783687745223e-01
7.856003768285254596e-01
7.841077365572501900e-01
7.840270688006727440e-01
7.854841729934023409e-01
7.862272463662965949e-01
7.837165101563857705e-01
7.841227919128382906e-01
7.858229631590207820e-01
7.857503807976213839e-01
7.852961104851631235e-01
7.848015194420123741e-01
7.864694244196267503e-01
7.858379886865269892e-01
7.857217238515799007e-01
7.851091616916513471e-01
7.850260977822640651e-01
7.844775510937594953e-01
7.868342757980301139e-01
7.852122244128175721e-01
7.845224698978184863e-01
7.845836577422783398e-01
7.844417529053686611e-01
7.853647603816629186e-01
7.864975994443283991e-01
7.850189204205205717e-01
7.860832686868551855e-01
7.839561486162760495e-01
7.863342869212113229e-01
7.860214878902718194e-01
7.852532096905473491e-01
7.870212728032873750e-01
7.864852250725420379e-01
7.854004516250999712e-01
7.862157123315346441e-01
7.855195242632000419e-01
7.862489940516242948e-01
7.848584264958931023e-01
7.850119372148912644e-01
7.835557261974966936e-01
7.860027505319285845e-01
7.864508144582870175e-01
7.860357438849745471e-01
7.852317186171690055e-01
7.852573798026548646e-01
7.846195964403452905e-01
7.862614381201797897e-01
7.850581683628083951e-01
7.851033890279509597e-01
7.854467417359044523e-01
7.861052493854608914e-01
7.851617119451436144e-01
7.858547648145867148e-01
7.873416340906483901e-01
7.863446881495979035e-01
7.853227268261820937e-01
7.855250500520074564e-01
7.864651776058925181e-01
7.878134195736979928e-01
7.870172870424745337e-01
7.845182427747160459e-01
7.868900764960368166e-01
7.851517257737448130e-01
7.830654901204525675e-01
7.852856148240645595e-01
7.865556455899732624e-01
7.838446587889824624e-01
7.861572318193440490e-01
7.877067965361321811e-01
7.846993820692367283e-01
7.854872394577280259e-01
7.860831417783933350e-01
7.860406169463219905e-01
7.859532796705072100e-01
7.857924795601912704e-01
7.867256708243824948e-01
7.855014992670197316e-01
7.845160909804055338e-01
7.856739016212568316e-01
7.839770980670445200e-01
7.853934528694953565e-01
7.852123166753101069e-01
7.856590178662036239e-01
7.849374273671140267e-01
7.848978576723215639e-01
7.851543883075632335e-01
7.864086775258758433e-01
7.847219683953416958e-01
7.865224034533441211e-01
7.860319103083570624e-01
7.847899689194173245e-01
7.849320860980805170e-01
7.850575200245734075e-01
7.867338526347893435e-01
7.847461971168773198e-01
7.836072409855134868e-01
7.856903750395246577e-01
7.851374104685084898e-01
7.855507524085461046e-01
7.855303342398308741e-01
7.847527174517787696e-01
7.863076822577264036e-01
7.858395657336220141e-01
7.862055653285909829e-01
7.837449061456531751e-01
7.871967133443706910e-01
7.860813156032998572e-01
7.850582668840565548e-01
7.865437174189131575e-01
7.854618412416742856e-01
7.842735263390134826e-01
7.857266210555808872e-01
7.858227606689487388e-01
7.852824991688749368e-01
7.842812635883152916e-01
7.865180073549227213e-01
7.849739224863193643e-01
7.850329368225217319e-01
7.880687070668256355e-01
7.848244532601803547e-01
7.856991668924939720e-01
7.851403767535132250e-01
7.846159906368608272e-01
7.861670679444057175e-01
7.858457262681677324e-01
7.855589657237183054e-01
7.859035827619692549e-01
7.846277007794362213e-01
7.862675283446023400e-01
7.867471876423928201e-01
7.856360667054969049e-01
7.850981958065486044e-01
7.854075161359863610e-01
7.848611454271851029e-01
7.852124816269621110e-01
7.849361265083613093e-01
7.850036016060845112e-01
7.833553204818330951e-01
7.854373960889238226e-01
7.853444712334498590e-01
7.835724594500861340e-01
7.856299568407064671e-01
7.864710603099854813e-01
7.858793130430686835e-01
7.850342563902603654e-01
7.842715244392872709e-01
7.860270755051648184e-01
7.848188151272764701e-01
7.865912741533144237e-01
7.869653429950983492e-01
7.860669469919613350e-01
7.836815827779733956e-01
7.848327469512523802e-01
7.855754772882691528e-01
7.839199367559965825e-01
7.847438950272627167e-01
7.856589796918428403e-01
7.859914458365326873e-01
7.850037236084180803e-01
7.856316941016918687e-01
7.855958281505711627e-01
7.883520903415242032e-01
7.852852969203334421e-01
7.844290844686483410e-01
7.859533517110858236e-01
7.853670796209248905e-01
7.828999961273263031e-01
7.848197601406218249e-01
7.833357729857036711e-01
7.848957196717468721e-01
7.861729451904542199e-01
7.852705796478700595e-01
7.864268775503391318e-01
7.843767515941756363e-01
7.837532033490427485e-01
7.856423524622155874e-01
7.849316935728760658e-01
