7.839599999999999902e-01
7.854600000000000470e-01
7.834400000000000253e-01
7.850000000000000311e-01
7.875400000000000178e-01
7.860399999999999610e-01
7.835600000000000342e-01
7.824799999999999534e-01
7.871799999999999908e-01
7.854999999999999760e-01
7.858600000000000030e-01
7.852799999999999780e-01
7.841200000000000392e-01
7.849599999999999911e-01
7.863799999999999679e-01
7.887999999999999456e-01
7.850399999999999601e-01
7.859199999999999520e-01
7.862999999999999989e-01
7.867199999999999749e-01
7.820799999999999974e-01
7.835199999999999942e-01
7.843999999999999861e-01
7.848800000000000221e-01
7.830200000000000493e-01
7.883999999999999897e-01
7.906600000000000295e-01
7.860599999999999810e-01
7.842999999999999972e-01
7.875199999999999978e-01
7.864200000000000079e-01
7.819000000000000394e-01
7.828399999999999803e-01
7.886199999999999877e-01
7.833799999999999653e-01
7.833200000000000163e-01
7.814799999999999525e-01
7.882200000000000317e-01
7.812200000000000255e-01
7.858600000000000030e-01
7.872799999999999798e-01
7.862400000000000500e-01
7.830399999999999583e-01
7.887199999999999767e-01
7.866199999999999859e-01
7.856600000000000250e-01
7.861200000000000410e-01
7.865799999999999459e-01
7.846999999999999531e-01
7.850200000000000511e-01
7.862799999999999789e-01
7.864600000000000479e-01
7.846999999999999531e-01
7.844999999999999751e-01
7.847800000000000331e-01
7.855600000000000360e-01
7.816600000000000215e-01
7.852000000000000091e-01
7.878199999999999648e-01
7.851399999999999491e-01
7.852400000000000491e-01
7.857399999999999940e-01
7.862799999999999789e-01
7.845600000000000351e-01
7.847199999999999731e-01
7.861000000000000210e-01
7.868199999999999639e-01
7.838199999999999612e-01
7.867800000000000349e-01
7.881399999999999517e-01
7.809399999999999675e-01
7.881200000000000427e-01
7.846600000000000241e-01
7.843599999999999461e-01
7.861399999999999499e-01
7.849599999999999911e-01
7.856400000000000050e-01
7.870599999999999818e-01
7.872400000000000508e-01
7.861399999999999499e-01
7.820599999999999774e-01
7.831000000000000183e-01
7.822400000000000464e-01
7.854400000000000270e-01
7.872200000000000308e-01
7.853400000000000380e-01
7.858800000000000230e-01
7.864600000000000479e-01
7.843200000000000172e-01
7.866600000000000259e-01
7.852000000000000091e-01
7.858000000000000540e-01
7.814200000000000035e-01
7.855799999999999450e-01
7.848199999999999621e-01
7.865400000000000169e-01
7.857399999999999940e-01
7.903000000000000025e-01
7.825600000000000334e-01
7.856400000000000050e-01
7.862999999999999989e-01
7.852799999999999780e-01
7.850000000000000311e-01
7.873999999999999888e-01
7.870399999999999618e-01
7.816999999999999504e-01
7.809800000000000075e-01
7.859599999999999920e-01
7.835400000000000142e-01
7.903200000000000225e-01
7.848000000000000531e-01
7.821000000000000174e-01
7.869399999999999729e-01
7.865999999999999659e-01
7.830599999999999783e-01
7.817800000000000304e-01
7.865199999999999969e-01
7.842799999999999772e-01
7.876999999999999558e-01
7.860200000000000520e-01
7.863400000000000389e-01
7.865799999999999459e-01
7.825999999999999623e-01
7.863599999999999479e-01
7.868800000000000239e-01
7.833400000000000363e-01
7.842999999999999972e-01
7.881200000000000427e-01
7.854799999999999560e-01
7.848800000000000221e-01
7.830399999999999583e-01
7.891799999999999926e-01
7.890200000000000546e-01
7.836999999999999522e-01
7.848600000000000021e-01
7.859399999999999720e-01
7.844799999999999551e-01
7.822799999999999754e-01
7.874799999999999578e-01
7.878399999999999848e-01
7.873599999999999488e-01
7.835199999999999942e-01
7.881000000000000227e-01
7.878800000000000248e-01
7.831799999999999873e-01
7.863400000000000389e-01
7.872200000000000308e-01
7.866800000000000459e-01
7.853400000000000380e-01
7.832000000000000073e-01
7.855199999999999960e-01
7.846800000000000441e-01
7.813200000000000145e-01
7.842000000000000082e-01
7.897600000000000176e-01
7.823799999999999644e-01
7.832000000000000073e-01
7.846600000000000241e-01
7.849599999999999911e-01
7.859199999999999520e-01
7.843200000000000172e-01
7.839599999999999902e-01
7.852999999999999980e-01
7.827800000000000313e-01
7.887399999999999967e-01
7.850399999999999601e-01
7.831799999999999873e-01
7.851799999999999891e-01
7.866999999999999549e-01
7.845600000000000351e-01
7.864600000000000479e-01
7.814200000000000035e-01
7.864200000000000079e-01
7.862999999999999989e-01
7.849199999999999511e-01
7.862400000000000500e-01
7.860599999999999810e-01
7.843799999999999661e-01
7.865400000000000169e-01
7.852400000000000491e-01
7.867600000000000149e-01
7.846800000000000441e-01
7.866800000000000459e-01
7.868800000000000239e-01
7.858199999999999630e-01
7.842400000000000482e-01
7.855600000000000360e-01
7.870399999999999618e-01
7.843799999999999661e-01
7.854600000000000470e-01
7.856199999999999850e-01
7.852000000000000091e-01
7.854200000000000070e-01
7.821599999999999664e-01
7.870200000000000529e-01
7.852000000000000091e-01
7.864799999999999569e-01
7.820000000000000284e-01
7.908399999999999874e-01
7.822000000000000064e-01
7.859399999999999720e-01
7.813999999999999835e-01
7.856999999999999540e-01
7.842200000000000282e-01
7.843999999999999861e-01
7.829199999999999493e-01
7.866800000000000459e-01
7.843400000000000372e-01
7.856800000000000450e-01
7.834799999999999542e-01
7.852000000000000091e-01
7.839599999999999902e-01
7.854400000000000270e-01
7.834799999999999542e-01
7.826800000000000423e-01
7.852799999999999780e-01
7.845400000000000151e-01
7.884200000000000097e-01
7.858800000000000230e-01
7.823999999999999844e-01
7.886999999999999567e-01
7.851799999999999891e-01
7.885799999999999477e-01
7.863799999999999679e-01
7.851399999999999491e-01
7.871799999999999908e-01
7.853999999999999870e-01
7.867199999999999749e-01
7.868600000000000039e-01
7.838000000000000522e-01
7.855999999999999650e-01
7.859800000000000120e-01
7.815400000000000125e-01
7.853599999999999470e-01
7.857199999999999740e-01
7.860399999999999610e-01
7.850200000000000511e-01
7.850800000000000001e-01
7.850200000000000511e-01
7.876199999999999868e-01
7.832200000000000273e-01
7.857800000000000340e-01
7.867399999999999949e-01
7.863999999999999879e-01
7.838199999999999612e-01
7.844400000000000261e-01
7.856199999999999850e-01
7.843400000000000372e-01
7.886199999999999877e-01
7.832599999999999563e-01
7.848600000000000021e-01
7.872400000000000508e-01
7.856800000000000450e-01
7.867600000000000149e-01
7.892400000000000526e-01
7.865199999999999969e-01
7.860000000000000320e-01
7.821599999999999664e-01
7.833799999999999653e-01
7.846600000000000241e-01
7.826400000000000023e-01
7.852000000000000091e-01
7.886999999999999567e-01
7.856199999999999850e-01
7.895600000000000396e-01
7.879800000000000137e-01
7.848399999999999821e-01
7.890000000000000346e-01
7.847600000000000131e-01
7.856400000000000050e-01
7.844400000000000261e-01
7.822000000000000064e-01
7.873599999999999488e-01
7.832999999999999963e-01
7.850000000000000311e-01
7.851399999999999491e-01
7.838600000000000012e-01
7.864200000000000079e-01
7.856199999999999850e-01
7.872599999999999598e-01
7.865400000000000169e-01
7.866800000000000459e-01
7.809000000000000385e-01
7.891000000000000236e-01
7.855600000000000360e-01
7.856800000000000450e-01
7.855400000000000160e-01
7.879199999999999537e-01
7.870000000000000329e-01
7.840799999999999992e-01
7.848800000000000221e-01
7.868000000000000549e-01
7.875400000000000178e-01
7.836800000000000432e-01
7.853999999999999870e-01
7.844999999999999751e-01
7.851399999999999491e-01
7.850399999999999601e-01
7.871799999999999908e-01
7.828399999999999803e-01
7.849399999999999711e-01
7.836800000000000432e-01
7.858399999999999830e-01
7.864600000000000479e-01
7.863799999999999679e-01
7.875600000000000378e-01
7.846600000000000241e-01
7.858000000000000540e-01
7.826199999999999823e-01
7.864799999999999569e-01
7.808199999999999585e-01
7.864600000000000479e-01
7.860000000000000320e-01
7.828399999999999803e-01
7.872400000000000508e-01
7.852999999999999980e-01
7.880000000000000338e-01
7.872400000000000508e-01
7.874200000000000088e-01
7.838199999999999612e-01
7.852999999999999980e-01
7.836999999999999522e-01
7.841599999999999682e-01
7.845400000000000151e-01
7.839199999999999502e-01
7.830799999999999983e-01
7.900800000000000045e-01
7.849399999999999711e-01
7.871000000000000218e-01
7.868199999999999639e-01
7.847199999999999731e-01
7.834799999999999542e-01
7.847600000000000131e-01
7.860599999999999810e-01
7.842999999999999972e-01
7.856800000000000450e-01
7.848199999999999621e-01
7.849800000000000111e-01
7.896199999999999886e-01
7.880000000000000338e-01
7.848000000000000531e-01
7.850200000000000511e-01
7.875199999999999978e-01
7.804999999999999716e-01
7.835999999999999632e-01
7.882799999999999807e-01
7.880000000000000338e-01
7.855999999999999650e-01
7.837199999999999722e-01
7.851599999999999691e-01
7.850800000000000001e-01
7.837800000000000322e-01
7.887999999999999456e-01
7.863599999999999479e-01
7.842400000000000482e-01
7.827800000000000313e-01
7.860399999999999610e-01
7.860399999999999610e-01
7.851200000000000401e-01
7.879000000000000448e-01
7.822799999999999754e-01
7.865999999999999659e-01
7.849599999999999911e-01
7.848600000000000021e-01
7.875600000000000378e-01
7.814799999999999525e-01
7.871799999999999908e-01
7.845800000000000551e-01
7.850200000000000511e-01
7.828199999999999603e-01
7.848399999999999821e-01
7.855600000000000360e-01
7.862400000000000500e-01
7.867399999999999949e-01
7.847399999999999931e-01
7.851599999999999691e-01
7.844600000000000461e-01
7.846800000000000441e-01
7.854999999999999760e-01
7.856999999999999540e-01
7.858000000000000540e-01
7.842999999999999972e-01
7.826199999999999823e-01
7.847600000000000131e-01
7.856800000000000450e-01
7.853599999999999470e-01
7.849599999999999911e-01
7.872599999999999598e-01
7.863799999999999679e-01
7.850000000000000311e-01
7.847399999999999931e-01
7.853999999999999870e-01
7.849199999999999511e-01
7.828399999999999803e-01
7.858399999999999830e-01
7.839800000000000102e-01
7.891000000000000236e-01
7.865600000000000369e-01
7.878399999999999848e-01
7.857600000000000140e-01
7.815800000000000525e-01
7.861000000000000210e-01
7.825400000000000134e-01
7.872999999999999998e-01
7.852599999999999580e-01
7.836199999999999832e-01
7.887199999999999767e-01
7.854200000000000070e-01
7.817399999999999904e-01
7.846600000000000241e-01
7.847199999999999731e-01
7.829800000000000093e-01
7.893200000000000216e-01
7.865400000000000169e-01
7.836800000000000432e-01
7.853200000000000180e-01
7.868000000000000549e-01
7.832799999999999763e-01
7.850200000000000511e-01
7.838800000000000212e-01
7.859199999999999520e-01
7.853200000000000180e-01
7.853799999999999670e-01
7.840200000000000502e-01
7.872200000000000308e-01
7.861599999999999699e-01
7.810799999999999965e-01
7.835199999999999942e-01
7.858399999999999830e-01
7.805800000000000516e-01
7.854799999999999560e-01
7.863599999999999479e-01
7.862799999999999789e-01
7.860200000000000520e-01
7.836999999999999522e-01
7.872599999999999598e-01
7.865999999999999659e-01
7.841599999999999682e-01
7.865799999999999459e-01
7.813999999999999835e-01
7.865199999999999969e-01
7.845999999999999641e-01
7.840799999999999992e-01
7.841200000000000392e-01
7.828199999999999603e-01
7.830399999999999583e-01
7.832799999999999763e-01
7.882200000000000317e-01
7.875199999999999978e-01
7.851000000000000201e-01
7.893999999999999906e-01
7.873999999999999888e-01
7.856199999999999850e-01
7.860399999999999610e-01
7.854600000000000470e-01
7.854200000000000070e-01
7.832200000000000273e-01
7.874400000000000288e-01
7.864600000000000479e-01
7.862200000000000299e-01
7.867399999999999949e-01
7.844799999999999551e-01
7.862999999999999989e-01
7.850399999999999601e-01
7.846999999999999531e-01
7.849599999999999911e-01
7.874999999999999778e-01
7.870399999999999618e-01
7.859199999999999520e-01
7.877600000000000158e-01
7.824400000000000244e-01
7.827600000000000113e-01
7.816600000000000215e-01
7.874400000000000288e-01
7.892400000000000526e-01
7.867800000000000349e-01
7.863799999999999679e-01
7.831599999999999673e-01
7.877399999999999958e-01
7.827399999999999913e-01
7.837800000000000322e-01
7.856400000000000050e-01
7.864600000000000479e-01
7.829399999999999693e-01
7.824400000000000244e-01
7.840000000000000302e-01
7.863599999999999479e-01
7.845999999999999641e-01
7.852000000000000091e-01
7.831799999999999873e-01
7.854200000000000070e-01
7.808800000000000185e-01
7.856199999999999850e-01
7.869199999999999529e-01
7.880599999999999827e-01
7.839000000000000412e-01
7.866999999999999549e-01
7.859199999999999520e-01
7.863799999999999679e-01
7.848199999999999621e-01
