7.872581501732999198e-01
7.938504309458526143e-01
7.714499297085408713e-01
7.940920848739052573e-01
7.811687282697116208e-01
7.853520003570259034e-01
7.953007303279154838e-01
7.764386669945456676e-01
7.854317343494165993e-01
7.819701701675164651e-01
7.732300888153259555e-01
7.861587495995263630e-01
7.895229914383514735e-01
7.860837325051895919e-01
7.935751744447685496e-01
8.025403395386806471e-01
7.738089323422098209e-01
7.748875534951059629e-01
7.997117780338192095e-01
8.062778851915399780e-01
7.835414184871415388e-01
8.015354894257786800e-01
7.791816638970897602e-01
7.881193637293461007e-01
7.757337434146651667e-01
7.817288407636501235e-01
7.498384694233402037e-01
7.851222867738173461e-01
7.999208456136288614e-01
7.682399421885880431e-01
7.815613369512088848e-01
8.041054784417430712e-01
7.949633553753130411e-01
7.884992503852735757e-01
7.798492793086314601e-01
7.941063191057255999e-01
7.887247968202230064e-01
7.778183850640328911e-01
7.673061797492618519e-01
7.855501775617380611e-01
7.825177589500104114e-01
7.953641904832762233e-01
7.905037197853478359e-01
7.963151559372396715e-01
7.897736067166238882e-01
8.000480650379281355e-01
7.825547517540489828e-01
7.761869412656379197e-01
8.085531498871487699e-01
8.040828903961555474e-01
7.901510742570713175e-01
7.951921043950967993e-01
7.829913589851348332e-01
7.893780955000770927e-01
7.782848062377557552e-01
7.649130419404150949e-01
7.714325784192282986e-01
7.974660608064418899e-01
7.979662654065641236e-01
7.888013970467823155e-01
7.887631371503943667e-01
7.949425750255163514e-01
8.018538991218864265e-01
7.755611148759778972e-01
8.134284910782000333e-01
7.690380428741949714e-01
7.805365788360706381e-01
7.840827390384231821e-01
7.901413115655561148e-01
7.860163615050953512e-01
8.021396075498601341e-01
7.868098992882008869e-01
7.781868797663843429e-01
7.893092711362180713e-01
7.903383726781310070e-01
7.697190420971093960e-01
7.652600606054641430e-01
7.912939344800477004e-01
7.844152730238129756e-01
7.960639041308686936e-01
7.971070742038041113e-01
7.930594565804435225e-01
7.808760951785879145e-01
7.861511576317778971e-01
7.794679691783564790e-01
7.942754770958920796e-01
7.975705516699241882e-01
8.062451790342063385e-01
7.853099986566899338e-01
7.774659455147052700e-01
7.793674189361382565e-01
7.910240744766774412e-01
7.718011647275963005e-01
8.006812847028268454e-01
7.955039817357186793e-01
7.821696736929383276e-01
7.700536726544919830e-01
7.776575319424072763e-01
7.895398249676476299e-01
7.767601292441431715e-01
7.795830653123129172e-01
7.811536436912851489e-01
7.969299450415390229e-01
7.903146289311232531e-01
7.803640775704824284e-01
7.751832505841084187e-01
7.882278537855357259e-01
7.805451874294589976e-01
7.794137527859672510e-01
7.737571359461353770e-01
7.873898594477098944e-01
7.837069724968642737e-01
7.636847190524822526e-01
7.902597458294515764e-01
7.757682075588239190e-01
7.829805220377203945e-01
8.023398428011366823e-01
7.722497160988643916e-01
7.828363852534210299e-01
7.794377232545968148e-01
7.851447607239011584e-01
8.007802858444493799e-01
7.839846543324793249e-01
7.841845173186506868e-01
7.802450926267068265e-01
7.643118372758614942e-01
7.755528545092897907e-01
7.790470922370020812e-01
7.916105316820646332e-01
8.042877547456740439e-01
7.724780881201003258e-01
7.834567360265384250e-01
7.853959594333402849e-01
8.100624591757626947e-01
7.902684174150997887e-01
7.877748435836265939e-01
7.785127172637678061e-01
7.779902003530921872e-01
7.785085889513035928e-01
7.890099826295858820e-01
7.924583138804320859e-01
7.762961557730634343e-01
7.901511416167266155e-01
7.897512991282976680e-01
7.936949621052744597e-01
8.061830485818270997e-01
7.873746930842145941e-01
7.838199356192602218e-01
7.978636607855057461e-01
7.929627686324300928e-01
7.913025739619099497e-01
7.707667331056660132e-01
7.682260751913124741e-01
7.804254605779006315e-01
8.000492882077876455e-01
7.750440510844730513e-01
7.747491433859200471e-01
7.756364753261475453e-01
7.771953241271372104e-01
7.952698504193813633e-01
7.787658347869805819e-01
7.969368583622384872e-01
7.722269987090871757e-01
7.798469591493586428e-01
7.858312729652955353e-01
7.986204197143503825e-01
7.886559321323125538e-01
8.168900622272519119e-01
7.741652268925440783e-01
7.780658267115079241e-01
7.761963773583631099e-01
7.799906955531717978e-01
7.915123352712852833e-01
8.025587020722744214e-01
7.704100194026455295e-01
7.881524702909425972e-01
7.687879349200131829e-01
7.949878726871577594e-01
7.705817835910434566e-01
7.978527865132566399e-01
7.833337169384712029e-01
8.048613737170542404e-01
7.828586880519946556e-01
7.709047089902255623e-01
7.835563565508707473e-01
7.785225686178082194e-01
7.750931073165786556e-01
7.833470897003005362e-01
7.939432125855360178e-01
7.781829410375036282e-01
7.762676909938526215e-01
7.927020191580820274e-01
7.807339580563243953e-01
7.886397162339097155e-01
7.919279403626358071e-01
7.803849010627127436e-01
7.797087530006409084e-01
7.750576556276836948e-01
8.025740376109183893e-01
8.026347182832874738e-01
7.827089623400789176e-01
7.935297268831421613e-01
7.961047136876711061e-01
7.913987284215969753e-01
7.791256196345355267e-01
8.019643071221355113e-01
7.898434203928591524e-01
7.948258939097589959e-01
7.817516716742820559e-01
7.806530836214764513e-01
8.040750247211878587e-01
7.813936501464053830e-01
7.677106722524371651e-01
7.858358350468040987e-01
7.934952375168238259e-01
7.916417618531559341e-01
7.986506465732139404e-01
7.920444487761736374e-01
7.909777540075210167e-01
7.915452517438352764e-01
7.897995529859456187e-01
7.939929482660222915e-01
7.782338294667776601e-01
7.779378297589719660e-01
7.870474155311437681e-01
7.812064742471989121e-01
7.875214932220854225e-01
7.815776889600469790e-01
7.800167236231363432e-01
7.881767514571201838e-01
7.718334964888061700e-01
7.882587757485828295e-01
7.827121240084145004e-01
7.804762051058676819e-01
7.740959970717029570e-01
7.901113707246106843e-01
7.736002996912285656e-01
7.835603633507080001e-01
7.736986754523194065e-01
7.750412029019505544e-01
7.688936091988993748e-01
7.869297804625200454e-01
7.862037205786170935e-01
7.826657444841690348e-01
7.762323414211236283e-01
7.666207955809104524e-01
7.824838775799756174e-01
7.824561404252869945e-01
7.644169081263600951e-01
7.816411941750368575e-01
7.631332870262733659e-01
7.850809861185660266e-01
7.950519711661979683e-01
7.980153454553394754e-01
7.955614528092189719e-01
7.769963532986257082e-01
7.957252883327717852e-01
7.703912850157919046e-01
7.787180134467973636e-01
7.831193614307733197e-01
7.813707166374187496e-01
7.805919570386914419e-01
7.777379994605494451e-01
7.934380474404497674e-01
7.774163409960712645e-01
7.846004349900872477e-01
7.691095736693359664e-01
7.912179488069283062e-01
7.799813385655832709e-01
7.814654108300378432e-01
8.061116773907571753e-01
7.850439739047160304e-01
7.903279348416706318e-01
7.911083250377864973e-01
7.890367414770973475e-01
7.766283806460153594e-01
7.807600760494319836e-01
7.680610280644130095e-01
7.987580969521649310e-01
7.780297723268633225e-01
7.951676049158137305e-01
7.927622851609896770e-01
7.760743834363537097e-01
7.893011361170263473e-01
8.003761727381497604e-01
7.911270137270491887e-01
8.023268759428090480e-01
7.837788206061339080e-01
7.818928089134006276e-01
7.860437319146451607e-01
7.745616768277597819e-01
7.933336151141601178e-01
7.889840335453872644e-01
7.956645013491008278e-01
7.721981425297631541e-01
7.768214080735219573e-01
7.827195548737343467e-01
7.884016842183592111e-01
7.663217024887337692e-01
7.773629924114972001e-01
7.738199663749111279e-01
7.919394824047849557e-01
7.839133431863871682e-01
7.785191160502092922e-01
7.755730116237929961e-01
7.865071607422498001e-01
7.992736823046392436e-01
7.891418429427451420e-01
7.725496170757393255e-01
7.961187189377589846e-01
7.894831346942382533e-01
7.921957906709201636e-01
8.004950486567301571e-01
8.038974048903583247e-01
7.659294295455263413e-01
7.782577377788640893e-01
7.920775061966550679e-01
7.792400627485130959e-01
7.874524590380191924e-01
7.923383265798170649e-01
8.091552625709355073e-01
7.936300049144708879e-01
7.878487218105485468e-01
7.914427958352640013e-01
7.809329894470201650e-01
7.900229405356230528e-01
7.826359892921489481e-01
7.789362000910782236e-01
7.809264916605567208e-01
7.983045013023770675e-01
8.075081774748187335e-01
7.778486283897945164e-01
7.810933275848007673e-01
7.840351119385131629e-01
7.855324007241215600e-01
7.744912297909363197e-01
8.078885489956710853e-01
7.872645154045874172e-01
7.865659289670634546e-01
7.961288127640101520e-01
7.962828025015135092e-01
7.689394192591887389e-01
7.934985687144694433e-01
7.714477519786067106e-01
7.886602620815010845e-01
7.909190264017211813e-01
7.662452751285577790e-01
7.762193974745167369e-01
7.713694615722918035e-01
7.809651537153895484e-01
7.805180574425536477e-01
7.792046757872724827e-01
7.924961933452703278e-01
7.883725370191835280e-01
7.793572278610084725e-01
7.887289414096601003e-01
7.900606113009982501e-01
7.902426231240949894e-01
7.743909029997132487e-01
7.885227987714599207e-01
8.102731357593361272e-01
7.727503053440246683e-01
7.809296317238187957e-01
8.081082734702246251e-01
7.856911832805080209e-01
7.859272830697250356e-01
7.971438316475178976e-01
7.696278445244907340e-01
7.972237908364104841e-01
7.921270096120678339e-01
7.826033882021186106e-01
7.894352037271471501e-01
7.838271698483751937e-01
8.039821008090256571e-01
7.833875860652531609e-01
7.795718934174825643e-01
7.798551597064887764e-01
7.860325903701272932e-01
7.845587808706540045e-01
7.726146154518778175e-01
7.902137673168140308e-01
7.875778441720315826e-01
7.774114745511606639e-01
7.890102591182098779e-01
7.747286436752113259e-01
7.838022991066152523e-01
7.882884878448201960e-01
8.029830430788577056e-01
7.733859636865849652e-01
7.924644722077035519e-01
8.041755997918039744e-01
7.920779455767554822e-01
7.875920612878368754e-01
7.913156038636413037e-01
7.614890709284131143e-01
7.871821859913202823e-01
7.911520515346477378e-01
7.852567676718331668e-01
7.955053603146559071e-01
7.798078970799177112e-01
7.885699161405392843e-01
7.763954800201962048e-01
8.060834996121054585e-01
7.721192113711644600e-01
7.944778707935908901e-01
7.689050872843834483e-01
7.830344274868334953e-01
7.871419393034434497e-01
7.788337173235904132e-01
7.857624919209563741e-01
7.755979002542330303e-01
7.847372215040819832e-01
7.825792072271726685e-01
7.798527188814494693e-01
7.842480614101660086e-01
7.843696926360940180e-01
7.731496049454975594e-01
7.914102477865682106e-01
7.885375425114424797e-01
7.722691270964979759e-01
7.703111576793997273e-01
7.815347191665991122e-01
7.963954384325412361e-01
7.802740553854976557e-01
8.039319884963049834e-01
8.002543391084165902e-01
8.027042898198089027e-01
7.891057078375518508e-01
7.822423473649191550e-01
7.977258010886214556e-01
7.732302624850353467e-01
7.923267056611886794e-01
7.931416377413741392e-01
7.787472865569702307e-01
7.768044027714730015e-01
7.849857955324041070e-01
7.952019324467864969e-01
7.874515583500942828e-01
7.932489116674446006e-01
8.033733751475844453e-01
7.875174283053714142e-01
7.836966078557899840e-01
7.947307356459045735e-01
7.954005483676421795e-01
7.727545884962576661e-01
7.816282671130104776e-01
7.816416408040205432e-01
8.063004562839857225e-01
7.769504641182410909e-01
7.671106949237165296e-01
7.961213791214024615e-01
7.775906702903250256e-01
7.914480741789122753e-01
7.615866806547398893e-01
7.627807695900059581e-01
7.838269939109143714e-01
7.782341505281142879e-01
7.870730376406777085e-01
7.872821387578874397e-01
7.797386940867238048e-01
7.857329866513054206e-01
7.792207691124750646e-01
7.825234268012916106e-01
7.825381058977171067e-01
7.716389978712754338e-01
7.945138402272448053e-01
7.913471125395399319e-01
7.794005899913811763e-01
7.834703930243829273e-01
7.760381865536281065e-01
7.961678311864218704e-01
7.876123792400681056e-01
7.873463616589386760e-01
7.766024956466692775e-01
7.811435671681262738e-01
7.787279881918154345e-01
7.916091697155883677e-01
7.761934043556926177e-01
7.645822415478422673e-01
7.992440079759816074e-01
7.897267118377949702e-01
7.644991489792059003e-01
7.948345028083092512e-01
7.837751621243239653e-01
7.713677097502995572e-01
7.667306353486397219e-01
7.886571607279533325e-01
7.733385441449421860e-01
8.069660024727839387e-01
7.951063882223023960e-01
7.866461044081077825e-01
7.704374637304844953e-01
7.858591609317039373e-01
7.763634094066217406e-01
8.131557449601336529e-01
7.918443794579786976e-01
7.909460756509847368e-01
7.889166888364236296e-01
7.851097859127753598e-01
7.928086207617882630e-01
