7.940000000000000391e-01
7.680000000000000160e-01
7.660000000000000142e-01
7.800000000000000266e-01
7.960000000000000409e-01
8.000000000000000444e-01
7.980000000000000426e-01
8.100000000000000533e-01
7.840000000000000302e-01
7.960000000000000409e-01
8.040000000000000480e-01
7.740000000000000213e-01
7.940000000000000391e-01
7.640000000000000124e-01
7.980000000000000426e-01
8.040000000000000480e-01
7.760000000000000231e-01
7.720000000000000195e-01
7.940000000000000391e-01
7.800000000000000266e-01
7.840000000000000302e-01
7.740000000000000213e-01
8.080000000000000515e-01
7.700000000000000178e-01
7.900000000000000355e-01
7.760000000000000231e-01
7.600000000000000089e-01
8.060000000000000497e-01
7.840000000000000302e-01
7.920000000000000373e-01
7.820000000000000284e-01
7.760000000000000231e-01
7.920000000000000373e-01
7.960000000000000409e-01
7.640000000000000124e-01
8.060000000000000497e-01
8.040000000000000480e-01
7.980000000000000426e-01
7.820000000000000284e-01
7.840000000000000302e-01
7.780000000000000249e-01
7.860000000000000320e-01
7.960000000000000409e-01
8.100000000000000533e-01
7.800000000000000266e-01
7.860000000000000320e-01
7.920000000000000373e-01
7.740000000000000213e-01
7.860000000000000320e-01
8.080000000000000515e-01
8.120000000000000551e-01
7.760000000000000231e-01
7.800000000000000266e-01
7.720000000000000195e-01
7.740000000000000213e-01
7.900000000000000355e-01
7.720000000000000195e-01
7.880000000000000338e-01
8.040000000000000480e-01
7.940000000000000391e-01
7.760000000000000231e-01
7.520000000000000018e-01
8.080000000000000515e-01
7.800000000000000266e-01
7.419999999999999929e-01
7.700000000000000178e-01
7.419999999999999929e-01
7.640000000000000124e-01
7.800000000000000266e-01
7.880000000000000338e-01
7.900000000000000355e-01
7.760000000000000231e-01
7.860000000000000320e-01
8.060000000000000497e-01
7.860000000000000320e-01
7.800000000000000266e-01
7.700000000000000178e-01
7.860000000000000320e-01
7.900000000000000355e-01
7.900000000000000355e-01
7.800000000000000266e-01
8.040000000000000480e-01
8.040000000000000480e-01
8.080000000000000515e-01
7.940000000000000391e-01
7.580000000000000071e-01
7.860000000000000320e-01
8.000000000000000444e-01
8.060000000000000497e-01
8.060000000000000497e-01
7.800000000000000266e-01
8.120000000000000551e-01
7.780000000000000249e-01
7.520000000000000018e-01
7.960000000000000409e-01
7.660000000000000142e-01
7.760000000000000231e-01
7.800000000000000266e-01
7.680000000000000160e-01
7.880000000000000338e-01
7.960000000000000409e-01
7.800000000000000266e-01
7.780000000000000249e-01
8.219999999999999529e-01
8.000000000000000444e-01
8.020000000000000462e-01
8.000000000000000444e-01
7.800000000000000266e-01
7.640000000000000124e-01
7.860000000000000320e-01
7.920000000000000373e-01
8.120000000000000551e-01
7.760000000000000231e-01
7.760000000000000231e-01
7.980000000000000426e-01
8.219999999999999529e-01
7.760000000000000231e-01
7.820000000000000284e-01
7.720000000000000195e-01
7.620000000000000107e-01
7.500000000000000000e-01
7.840000000000000302e-01
7.700000000000000178e-01
7.960000000000000409e-01
7.740000000000000213e-01
7.720000000000000195e-01
8.040000000000000480e-01
8.040000000000000480e-01
8.100000000000000533e-01
7.900000000000000355e-01
7.640000000000000124e-01
7.580000000000000071e-01
7.860000000000000320e-01
7.860000000000000320e-01
7.860000000000000320e-01
8.060000000000000497e-01
7.920000000000000373e-01
7.920000000000000373e-01
8.040000000000000480e-01
7.660000000000000142e-01
7.880000000000000338e-01
7.900000000000000355e-01
7.720000000000000195e-01
7.700000000000000178e-01
7.820000000000000284e-01
8.199999999999999512e-01
7.800000000000000266e-01
7.820000000000000284e-01
8.379999999999999671e-01
7.740000000000000213e-01
7.820000000000000284e-01
7.920000000000000373e-01
7.940000000000000391e-01
7.700000000000000178e-01
8.259999999999999565e-01
7.600000000000000089e-01
8.060000000000000497e-01
7.760000000000000231e-01
8.139999999999999458e-01
7.600000000000000089e-01
7.700000000000000178e-01
7.940000000000000391e-01
7.820000000000000284e-01
8.040000000000000480e-01
7.900000000000000355e-01
7.720000000000000195e-01
8.120000000000000551e-01
7.800000000000000266e-01
8.259999999999999565e-01
8.060000000000000497e-01
7.479999999999999982e-01
8.120000000000000551e-01
7.960000000000000409e-01
7.760000000000000231e-01
7.520000000000000018e-01
7.680000000000000160e-01
8.000000000000000444e-01
8.060000000000000497e-01
7.880000000000000338e-01
7.359999999999999876e-01
8.100000000000000533e-01
7.780000000000000249e-01
7.640000000000000124e-01
7.640000000000000124e-01
8.000000000000000444e-01
8.159999999999999476e-01
7.800000000000000266e-01
7.479999999999999982e-01
7.960000000000000409e-01
7.820000000000000284e-01
7.980000000000000426e-01
8.000000000000000444e-01
7.940000000000000391e-01
7.980000000000000426e-01
7.720000000000000195e-01
7.720000000000000195e-01
8.000000000000000444e-01
7.800000000000000266e-01
8.120000000000000551e-01
7.720000000000000195e-01
7.940000000000000391e-01
8.080000000000000515e-01
7.920000000000000373e-01
7.740000000000000213e-01
7.520000000000000018e-01
7.660000000000000142e-01
7.700000000000000178e-01
7.560000000000000053e-01
7.840000000000000302e-01
8.319999999999999618e-01
8.000000000000000444e-01
7.700000000000000178e-01
7.800000000000000266e-01
7.680000000000000160e-01
7.700000000000000178e-01
7.900000000000000355e-01
8.239999999999999547e-01
7.660000000000000142e-01
8.000000000000000444e-01
7.740000000000000213e-01
7.439999999999999947e-01
7.439999999999999947e-01
7.780000000000000249e-01
7.880000000000000338e-01
7.900000000000000355e-01
7.640000000000000124e-01
7.600000000000000089e-01
7.900000000000000355e-01
7.940000000000000391e-01
7.660000000000000142e-01
8.020000000000000462e-01
7.680000000000000160e-01
8.199999999999999512e-01
8.060000000000000497e-01
7.900000000000000355e-01
7.800000000000000266e-01
7.980000000000000426e-01
7.520000000000000018e-01
8.080000000000000515e-01
7.860000000000000320e-01
8.100000000000000533e-01
8.060000000000000497e-01
7.860000000000000320e-01
7.780000000000000249e-01
8.080000000000000515e-01
7.780000000000000249e-01
7.720000000000000195e-01
7.399999999999999911e-01
7.740000000000000213e-01
7.780000000000000249e-01
7.960000000000000409e-01
8.239999999999999547e-01
7.880000000000000338e-01
7.940000000000000391e-01
7.940000000000000391e-01
7.860000000000000320e-01
7.880000000000000338e-01
7.540000000000000036e-01
7.880000000000000338e-01
7.760000000000000231e-01
7.760000000000000231e-01
8.000000000000000444e-01
7.720000000000000195e-01
7.940000000000000391e-01
8.279999999999999583e-01
7.980000000000000426e-01
7.680000000000000160e-01
7.940000000000000391e-01
7.820000000000000284e-01
7.680000000000000160e-01
7.880000000000000338e-01
7.800000000000000266e-01
7.800000000000000266e-01
7.800000000000000266e-01
7.479999999999999982e-01
7.880000000000000338e-01
7.840000000000000302e-01
7.900000000000000355e-01
8.179999999999999494e-01
8.080000000000000515e-01
7.820000000000000284e-01
7.940000000000000391e-01
7.960000000000000409e-01
7.680000000000000160e-01
8.359999999999999654e-01
7.900000000000000355e-01
7.600000000000000089e-01
7.940000000000000391e-01
8.139999999999999458e-01
8.000000000000000444e-01
7.660000000000000142e-01
8.060000000000000497e-01
8.020000000000000462e-01
8.199999999999999512e-01
8.080000000000000515e-01
7.860000000000000320e-01
7.540000000000000036e-01
8.199999999999999512e-01
7.900000000000000355e-01
7.600000000000000089e-01
8.080000000000000515e-01
7.900000000000000355e-01
7.960000000000000409e-01
7.760000000000000231e-01
8.359999999999999654e-01
8.020000000000000462e-01
8.279999999999999583e-01
7.940000000000000391e-01
7.740000000000000213e-01
7.820000000000000284e-01
8.020000000000000462e-01
7.820000000000000284e-01
7.880000000000000338e-01
7.359999999999999876e-01
7.700000000000000178e-01
7.840000000000000302e-01
7.680000000000000160e-01
7.880000000000000338e-01
7.940000000000000391e-01
7.560000000000000053e-01
7.900000000000000355e-01
7.680000000000000160e-01
7.760000000000000231e-01
7.560000000000000053e-01
7.600000000000000089e-01
8.020000000000000462e-01
7.700000000000000178e-01
7.860000000000000320e-01
7.500000000000000000e-01
8.060000000000000497e-01
7.880000000000000338e-01
7.660000000000000142e-01
7.940000000000000391e-01
7.780000000000000249e-01
7.760000000000000231e-01
7.780000000000000249e-01
8.159999999999999476e-01
7.880000000000000338e-01
7.760000000000000231e-01
7.760000000000000231e-01
7.800000000000000266e-01
7.780000000000000249e-01
8.120000000000000551e-01
7.800000000000000266e-01
8.139999999999999458e-01
8.080000000000000515e-01
7.860000000000000320e-01
7.720000000000000195e-01
7.960000000000000409e-01
7.940000000000000391e-01
7.520000000000000018e-01
7.620000000000000107e-01
7.860000000000000320e-01
7.640000000000000124e-01
7.900000000000000355e-01
8.000000000000000444e-01
7.760000000000000231e-01
7.840000000000000302e-01
7.700000000000000178e-01
7.660000000000000142e-01
8.060000000000000497e-01
7.860000000000000320e-01
7.980000000000000426e-01
8.020000000000000462e-01
7.920000000000000373e-01
8.040000000000000480e-01
8.219999999999999529e-01
8.279999999999999583e-01
7.900000000000000355e-01
7.860000000000000320e-01
7.920000000000000373e-01
7.760000000000000231e-01
7.600000000000000089e-01
7.620000000000000107e-01
7.660000000000000142e-01
7.720000000000000195e-01
7.960000000000000409e-01
7.860000000000000320e-01
8.060000000000000497e-01
7.740000000000000213e-01
7.880000000000000338e-01
7.680000000000000160e-01
8.080000000000000515e-01
7.900000000000000355e-01
7.840000000000000302e-01
7.920000000000000373e-01
8.199999999999999512e-01
7.880000000000000338e-01
7.820000000000000284e-01
7.820000000000000284e-01
8.139999999999999458e-01
8.060000000000000497e-01
7.860000000000000320e-01
7.660000000000000142e-01
7.740000000000000213e-01
7.920000000000000373e-01
7.860000000000000320e-01
7.439999999999999947e-01
8.120000000000000551e-01
7.820000000000000284e-01
8.120000000000000551e-01
7.560000000000000053e-01
7.940000000000000391e-01
7.860000000000000320e-01
7.700000000000000178e-01
7.840000000000000302e-01
8.159999999999999476e-01
7.800000000000000266e-01
8.120000000000000551e-01
8.179999999999999494e-01
7.900000000000000355e-01
7.900000000000000355e-01
7.940000000000000391e-01
7.780000000000000249e-01
7.760000000000000231e-01
7.660000000000000142e-01
7.820000000000000284e-01
7.900000000000000355e-01
7.700000000000000178e-01
7.920000000000000373e-01
7.620000000000000107e-01
7.680000000000000160e-01
7.900000000000000355e-01
7.840000000000000302e-01
8.080000000000000515e-01
7.700000000000000178e-01
7.980000000000000426e-01
7.860000000000000320e-01
8.020000000000000462e-01
7.479999999999999982e-01
7.680000000000000160e-01
7.720000000000000195e-01
8.040000000000000480e-01
7.580000000000000071e-01
7.860000000000000320e-01
7.800000000000000266e-01
7.920000000000000373e-01
7.940000000000000391e-01
7.840000000000000302e-01
7.680000000000000160e-01
7.880000000000000338e-01
7.760000000000000231e-01
8.000000000000000444e-01
7.740000000000000213e-01
7.419999999999999929e-01
7.880000000000000338e-01
7.740000000000000213e-01
7.900000000000000355e-01
8.060000000000000497e-01
7.500000000000000000e-01
7.960000000000000409e-01
8.020000000000000462e-01
7.379999999999999893e-01
7.720000000000000195e-01
7.840000000000000302e-01
7.860000000000000320e-01
7.920000000000000373e-01
8.219999999999999529e-01
7.820000000000000284e-01
7.680000000000000160e-01
7.880000000000000338e-01
7.960000000000000409e-01
7.960000000000000409e-01
7.860000000000000320e-01
7.940000000000000391e-01
7.920000000000000373e-01
7.780000000000000249e-01
7.800000000000000266e-01
7.980000000000000426e-01
7.900000000000000355e-01
7.720000000000000195e-01
8.120000000000000551e-01
7.680000000000000160e-01
7.960000000000000409e-01
8.199999999999999512e-01
7.840000000000000302e-01
7.760000000000000231e-01
7.740000000000000213e-01
7.960000000000000409e-01
8.040000000000000480e-01
7.760000000000000231e-01
8.080000000000000515e-01
7.960000000000000409e-01
7.920000000000000373e-01
7.500000000000000000e-01
7.980000000000000426e-01
7.880000000000000338e-01
7.800000000000000266e-01
7.960000000000000409e-01
8.219999999999999529e-01
7.620000000000000107e-01
7.840000000000000302e-01
7.900000000000000355e-01
7.600000000000000089e-01
8.159999999999999476e-01
7.620000000000000107e-01
7.680000000000000160e-01
7.740000000000000213e-01
8.120000000000000551e-01
7.560000000000000053e-01
