7.854244611402008136e-01
7.855190538079565021e-01
7.853605308571744992e-01
7.852703966928238355e-01
7.853561901064392003e-01
7.854927844289315564e-01
7.853856785339370372e-01
7.854487050457500397e-01
7.855194230557362989e-01
7.853746183979432027e-01
7.853549694613565224e-01
7.854061846377941025e-01
7.853779814934342962e-01
7.854034677203423076e-01
7.852848865707020565e-01
7.853916377775836954e-01
7.853954464096455368e-01
7.853847442386592270e-01
7.853466907141319897e-01
7.854705493468936428e-01
7.853656191761402283e-01
7.855477566132559319e-01
7.854455457230861137e-01
7.852755132215104572e-01
7.853502992622679590e-01
7.853495196470645645e-01
7.854073867352922012e-01
7.853063757310130288e-01
7.854437149677429009e-01
7.854128091544140267e-01
7.853596442065600147e-01
7.853819137460460453e-01
7.854057669052527668e-01
7.852829201965536576e-01
7.855944782786432601e-01
7.853711729036606526e-01
7.853771375992197878e-01
7.853787914221430633e-01
7.853631484691050435e-01
7.853159717547102403e-01
7.854009633020019310e-01
7.853588364795897059e-01
7.854343452177661167e-01
7.852991621571530079e-01
7.853727154603127314e-01
7.853513596482815107e-01
7.854146837495415978e-01
7.853561998474292150e-01
7.853324968035417797e-01
7.854425304023776588e-01
7.855355049943558710e-01
7.853085288304214595e-01
7.854172341635033971e-01
7.854252535350061404e-01
7.853242935537828595e-01
7.853770613037449611e-01
7.854368005893120896e-01
7.853534313904512176e-01
7.853658240842785743e-01
7.853796253372916647e-01
7.853730968497809606e-01
7.855563106206741031e-01
7.854682832623796074e-01
7.853788750071298841e-01
7.854758489844054781e-01
7.854076418278085336e-01
7.854795145714952298e-01
7.854735221199858897e-01
7.852259946152114756e-01
7.854847247864313875e-01
7.853816550708299093e-01
7.855458484788330198e-01
7.855788209774272612e-01
7.854081684748388525e-01
7.853841196570027217e-01
7.854505493535056670e-01
7.853923201486051608e-01
7.853850060289061519e-01
7.853794281656296672e-01
7.854207235304028201e-01
7.854116562604043228e-01
7.855449513842737153e-01
7.854339668121942397e-01
7.853496519649484364e-01
7.854809013405718021e-01
7.854062993789751035e-01
7.853004407539354581e-01
7.854631239349099125e-01
7.854632501240415010e-01
7.854336375427519723e-01
7.852814476090723694e-01
7.853254746907103456e-01
7.854696215793469660e-01
7.855180532599707055e-01
7.854764720229402419e-01
7.853873594951484849e-01
7.852590577440714537e-01
7.854127030056712311e-01
7.853574093690035562e-01
7.852695314193834930e-01
7.854968249627753973e-01
7.854379483228420833e-01
7.853908988726845397e-01
7.854505478481964564e-01
7.853777358723027513e-01
7.854341157169310028e-01
7.853694950272206432e-01
7.853444979968959849e-01
7.853873031050285780e-01
7.853698765857473063e-01
7.854833604528824731e-01
7.853682980714939976e-01
7.853399377537922943e-01
7.855405799757300134e-01
7.854308810350855152e-01
7.853154017606016613e-01
7.853139212315993767e-01
7.853842561020059065e-01
7.854508509410775829e-01
7.854148432847508632e-01
7.853537193199251476e-01
7.854376635876624269e-01
7.853818848127729346e-01
7.853395303603243338e-01
7.854335797988227785e-01
7.854323353604376612e-01
7.854079159826085066e-01
7.852317148807629321e-01
7.855769230077119802e-01
7.854837402104110078e-01
7.854286566331545316e-01
7.854429560297639945e-01
7.853203409546042346e-01
7.853732820823912109e-01
7.853517046485420927e-01
7.854735895701384640e-01
7.853729095016428463e-01
7.854653338839068244e-01
7.853889755781136017e-01
7.852686144619155373e-01
7.853789596539307860e-01
7.853242878609179023e-01
7.853997516263501177e-01
7.853767491257170885e-01
7.854619741278253686e-01
7.854802821180557615e-01
7.855051709597407061e-01
7.853642995332674737e-01
7.853440298292422295e-01
7.853987157111884665e-01
7.854685627810770177e-01
7.853812746785999721e-01
7.854278553358460258e-01
7.854225879156976342e-01
7.854156442247328673e-01
7.854389205708474098e-01
7.854752237368465284e-01
7.854071584794303229e-01
7.854534481545221158e-01
7.854018181018419531e-01
7.853579214560484356e-01
7.855356267962951833e-01
7.853894425950469493e-01
7.852345896844401540e-01
7.853177815810625795e-01
7.854331719931290090e-01
7.853775742628935630e-01
7.855395073568612885e-01
7.854422087620347437e-01
7.853758700817353722e-01
7.853722413554916626e-01
7.855303619466198484e-01
7.853986532531747056e-01
7.854115054526723538e-01
7.854339982880592652e-01
7.852829935485510227e-01
7.853344034456747336e-01
7.852995025160413034e-01
7.855168244074332007e-01
7.854223859101290284e-01
7.853557233136926330e-01
7.852355682336680243e-01
7.853909694635041738e-01
7.854403977677977267e-01
7.853412770289714961e-01
7.853829926970937736e-01
7.854700617882446334e-01
7.852818395273327701e-01
7.854691692194504249e-01
7.853795769975134844e-01
7.853716648908763975e-01
7.853266970924696055e-01
7.853619281195193258e-01
7.855472521440122202e-01
7.854246152632057276e-01
7.853622224243937966e-01
7.854754912964455604e-01
7.854652268134838522e-01
7.853665906275608677e-01
7.853026937895668524e-01
7.854114162989135339e-01
7.853360808153164729e-01
7.854284928626619200e-01
7.853564095147133051e-01
7.853037146159161930e-01
7.853947651074085767e-01
7.853448164882319560e-01
7.854612427213207848e-01
7.855790042071004731e-01
7.852835362454121393e-01
7.853827052255697438e-01
7.854101458229467703e-01
7.852879067728071316e-01
7.853516417304954311e-01
7.853921047728877891e-01
7.853686123514470596e-01
7.853791559865523908e-01
7.854389601147013789e-01
7.853261254271093339e-01
7.853890816710992206e-01
7.854589736121680987e-01
7.854716260374510206e-01
7.854320297857232402e-01
7.853455706785870127e-01
7.853367444551816456e-01
7.855087164872197603e-01
7.851517897686643987e-01
7.854137251168616940e-01
7.854865615221074959e-01
7.855906177979772309e-01
7.854206172248709983e-01
7.855400009843388487e-01
7.853583675118757101e-01
7.853930690529872249e-01
7.854273003909432171e-01
7.853457899193160285e-01
7.853186355144263775e-01
7.853925014970323248e-01
7.854941004783013714e-01
7.853996306923674009e-01
7.852965588843811018e-01
7.854344956482739448e-01
7.853889577633907937e-01
7.853331995422443423e-01
7.853629931091051786e-01
7.854931419116404356e-01
7.854201513048190142e-01
7.853836775946568816e-01
7.854760904371432817e-01
7.854011370036748652e-01
7.853459921441069413e-01
7.852346393717481998e-01
7.855108268633599344e-01
7.854520259561061923e-01
7.853456886966176942e-01
7.853719749568686126e-01
7.853701413580193025e-01
7.854450423370298306e-01
7.853222034943984076e-01
7.854802477710053354e-01
7.853402543239315081e-01
7.854743171599335438e-01
7.855328223636721674e-01
7.854248873619615878e-01
7.853481397269814757e-01
7.853459452429382148e-01
7.854650631302201313e-01
7.853409411634783011e-01
7.853292231180731831e-01
7.854823334109521937e-01
7.853400094107434448e-01
7.854305129096513793e-01
7.853451294458566601e-01
7.854524794528999765e-01
7.854749010869052084e-01
7.854457555941752878e-01
7.854089799304969644e-01
7.854308284326729783e-01
7.852293773895174800e-01
7.855024539416263218e-01
7.854030525809079233e-01
7.854715223238758481e-01
7.853245429051993742e-01
7.854963963826235851e-01
7.854154681690880269e-01
7.854494019820317252e-01
7.853501902788203592e-01
7.853735114235996795e-01
7.852532632516429079e-01
7.853981243584094996e-01
7.854418139989157721e-01
7.853921391275863195e-01
7.854279358962305002e-01
7.853910858429219433e-01
7.853914324045874196e-01
7.853016021417636994e-01
7.854348954834278196e-01
7.854979018603938101e-01
7.854069967105579142e-01
7.853853919434828912e-01
7.853379991298929941e-01
7.854334182546371945e-01
7.855926766549713447e-01
7.853123245531851149e-01
7.854265404578136822e-01
7.853063152187935714e-01
7.854165192815687480e-01
7.856001819592163260e-01
7.853196638237127658e-01
7.854210933305207920e-01
7.853475702305083850e-01
7.854041337061571371e-01
7.854081676715543026e-01
7.853506828143962393e-01
7.854492364762388767e-01
7.854436371227216940e-01
7.853693016082906597e-01
7.854042708019506325e-01
7.853450980054913488e-01
7.853972608871861993e-01
7.854152507997597121e-01
7.854349200264125752e-01
7.853458385228039296e-01
7.854889037125000195e-01
7.853724144930364082e-01
7.855216561281616050e-01
7.853654265761276232e-01
7.853730087567218909e-01
7.854339450597608296e-01
7.853960567811392179e-01
7.855252427649820346e-01
7.854164467572463115e-01
7.853745862102083919e-01
7.854682007614801620e-01
7.854594549348735688e-01
7.853410898713741872e-01
7.853802434197221238e-01
7.853473697260549002e-01
7.853946549014035883e-01
7.854639870301902693e-01
7.854076526917812551e-01
7.854072758693965151e-01
7.854040874523082749e-01
7.853879309530549246e-01
7.854691905752194669e-01
7.853926111552970157e-01
7.854425824387084587e-01
7.855338787603137751e-01
7.853633831771315021e-01
7.854210624009261288e-01
7.853048186851621093e-01
7.853711736705469848e-01
7.854082895958695021e-01
7.855236041669415581e-01
7.853785310510115192e-01
7.854516116374314905e-01
7.854831839034126517e-01
7.853262900913497990e-01
7.853394172509368110e-01
7.854631964553459023e-01
7.853328070952675377e-01
7.854379592271509836e-01
7.853430712663738156e-01
7.853728117726177516e-01
7.854857310293933415e-01
7.854821302911519920e-01
7.855065360320836465e-01
7.852872292342633065e-01
7.854797923392046188e-01
7.853574313285667241e-01
7.853354486934577272e-01
7.853398967532523312e-01
7.854265101536059834e-01
7.854751929407254307e-01
7.853188540275272134e-01
7.853759430047142498e-01
7.853507513413531260e-01
7.854495353178372330e-01
7.854715779071318460e-01
7.854526349639100458e-01
7.853825287056729332e-01
7.853456565445489090e-01
7.853503652914375355e-01
7.853617044677944081e-01
7.854442824927609923e-01
7.854554796876432876e-01
7.854103870448410074e-01
7.853389234943501940e-01
7.854043668565798830e-01
7.854753054078879027e-01
7.853800393120141665e-01
7.853993479502200392e-01
7.854337640195164782e-01
7.854446785712809742e-01
7.853151186115691074e-01
7.853609116523850853e-01
7.853890984144105136e-01
7.852735419190123300e-01
7.854315047190649768e-01
7.855044695871855609e-01
7.854051230366262404e-01
7.853783109279097729e-01
7.852953061925322942e-01
7.853056042963091343e-01
7.855639586145043429e-01
7.854894450418767882e-01
7.853378080699845443e-01
7.854642952806283329e-01
7.852717768864849734e-01
7.853469012773396374e-01
7.853945397664038319e-01
7.854453233168512405e-01
7.853650745720435200e-01
7.853971806947694922e-01
7.853654254712453264e-01
7.853680299635111828e-01
7.853498434704686559e-01
7.854453513115852159e-01
7.852669602800743665e-01
7.854307354583202061e-01
7.854041092143672076e-01
7.854440722631783611e-01
7.853531942373639385e-01
7.854158766497519872e-01
7.854895889778855667e-01
7.854284429126230371e-01
7.853427438486280110e-01
7.852758548153410123e-01
7.853466358503247147e-01
7.853669881277133280e-01
7.853480806635385614e-01
7.854894652235141495e-01
7.854702857179282072e-01
7.853924780440415532e-01
7.853855128004899600e-01
7.852992910709565288e-01
7.854210354914757941e-01
7.854291937561365122e-01
7.854284438102403509e-01
7.853389137406676657e-01
7.854145277135887726e-01
7.854144474933173470e-01
7.853958246020424916e-01
7.854581363964857621e-01
7.853656078360853332e-01
7.853770980242924526e-01
7.853213096234576973e-01
7.853332487126479799e-01
7.854519065760302565e-01
7.854264277755126367e-01
7.853799696347605330e-01
7.853912552669747305e-01
7.853627003111880445e-01
7.855202882436805867e-01
7.853191564932450186e-01
7.853643201426675491e-01
7.854274133721491635e-01
7.854463666686840595e-01
7.855375060433061885e-01
7.854429685910107040e-01
7.853906234880512205e-01
7.853501943500504900e-01
7.853907214146713667e-01
7.853498020732777585e-01
7.854386499443247738e-01
7.854724428664687785e-01
7.854462978648375504e-01
7.854047665716737958e-01
7.853565700624044466e-01
7.853950077827217546e-01
7.853799211973616634e-01
7.855549454898829165e-01
7.854054444681239922e-01
7.854525757466925828e-01
7.853908927158134157e-01
7.854080594291129591e-01
7.854937133939622340e-01
7.854563460125432162e-01
7.854094081085631895e-01
7.853766563778878940e-01
7.855760200174989327e-01
7.854363734088440907e-01
7.854944537918370218e-01
7.853698361004775030e-01
7.855001791662420407e-01
7.854546990220299119e-01
7.854653011738470525e-01
7.854344728489101035e-01
7.853190723331802126e-01
7.851268767009172977e-01
7.854284447495045729e-01
7.854019913707911416e-01
7.854412508314057018e-01
7.854504099769592518e-01
7.855430809554342364e-01
7.853835878907923229e-01
7.854657229869215218e-01
7.853752448998546631e-01
7.853636633511219545e-01
7.856050890759311844e-01
