7.854740000000000055e-01
7.856315999999999855e-01
7.852727000000000457e-01
7.855706999999999551e-01
7.852641000000000204e-01
7.853571999999999775e-01
7.852481000000000044e-01
7.854501000000000399e-01
7.853447999999999540e-01
7.852947999999999595e-01
7.853386999999999452e-01
7.854510000000000103e-01
7.853508999999999629e-01
7.855005000000000459e-01
7.854835000000000012e-01
7.851808999999999594e-01
7.852506000000000208e-01
7.854392999999999514e-01
7.855678999999999856e-01
7.851797000000000359e-01
7.854917000000000149e-01
7.852114999999999512e-01
7.853482000000000518e-01
7.851032000000000011e-01
7.856756000000000295e-01
7.853731000000000462e-01
7.851576000000000111e-01
7.855936999999999504e-01
7.855182000000000553e-01
7.853345000000000464e-01
7.851348999999999689e-01
7.852846999999999467e-01
7.853946000000000538e-01
7.851245999999999503e-01
7.854550999999999616e-01
7.851652000000000076e-01
7.853691999999999895e-01
7.855073999999999668e-01
7.854765999999999693e-01
7.854212999999999889e-01
7.853598999999999997e-01
7.854790000000000383e-01
7.855212000000000305e-01
7.853491000000000222e-01
7.853430000000000133e-01
7.852780999999999789e-01
7.853809000000000484e-01
7.853067000000000242e-01
7.856410999999999811e-01
7.852894000000000263e-01
7.854257999999999518e-01
7.854607000000000117e-01
7.853364999999999929e-01
7.856501999999999653e-01
7.851753000000000204e-01
7.856258000000000408e-01
7.853890000000000038e-01
7.854240999999999584e-01
7.853942000000000423e-01
7.855113000000000234e-01
7.853444000000000536e-01
7.854094000000000353e-01
7.852253000000000149e-01
7.853812000000000015e-01
7.854191999999999840e-01
7.854630000000000223e-01
7.854128999999999694e-01
7.852457999999999938e-01
7.853898000000000268e-01
7.855716999999999839e-01
7.854514000000000218e-01
7.854101999999999473e-01
7.854581999999999953e-01
7.852662999999999727e-01
7.855946999999999791e-01
7.852510000000000323e-01
7.855687999999999560e-01
7.854910999999999976e-01
7.854425999999999908e-01
7.856374000000000413e-01
7.854776999999999454e-01
7.854375000000000107e-01
7.853902000000000383e-01
7.853276000000000145e-01
7.855697999999999848e-01
7.855176000000000380e-01
7.854046000000000083e-01
7.852791999999999550e-01
7.853965000000000529e-01
7.857501999999999542e-01
7.852506999999999682e-01
7.853090000000000348e-01
7.854641999999999458e-01
7.855132999999999699e-01
7.854459999999999775e-01
7.855246999999999646e-01
7.853063999999999600e-01
7.853698000000000068e-01
7.852476999999999929e-01
7.852426999999999602e-01
7.853016000000000441e-01
7.852883000000000502e-01
7.855955999999999495e-01
7.852943999999999480e-01
7.854687000000000197e-01
7.854227999999999765e-01
7.852019999999999555e-01
7.854044000000000025e-01
7.854217999999999478e-01
7.854598000000000413e-01
7.855723000000000011e-01
7.852514999999999912e-01
7.853580000000000005e-01
7.853316000000000185e-01
7.852597999999999523e-01
7.854776999999999454e-01
7.852548000000000306e-01
7.854364999999999819e-01
7.851108999999999449e-01
7.853520000000000501e-01
7.853875000000000162e-01
7.852820000000000356e-01
7.854444999999999899e-01
7.854497999999999758e-01
7.857220000000000315e-01
7.853909000000000029e-01
7.855299000000000031e-01
7.854465999999999948e-01
7.856189999999999563e-01
7.854470000000000063e-01
7.855967999999999840e-01
7.854565000000000019e-01
7.852873000000000214e-01
7.854181999999999553e-01
7.853645999999999683e-01
7.852679000000000187e-01
7.852848999999999524e-01
7.854092999999999769e-01
7.853953000000000184e-01
7.852485999999999633e-01
7.854482999999999882e-01
7.852999000000000507e-01
7.854063000000000017e-01
7.854849000000000414e-01
7.853657000000000554e-01
7.855048999999999504e-01
7.855824999999999614e-01
7.852879999999999860e-01
7.854805000000000259e-01
7.852276999999999729e-01
7.854478999999999767e-01
7.852831000000000117e-01
7.855168999999999624e-01
7.851884000000000086e-01
7.854710000000000303e-01
7.856290000000000218e-01
7.854381999999999753e-01
7.855157000000000389e-01
7.852873999999999688e-01
7.855746999999999591e-01
7.854841000000000184e-01
7.854782000000000153e-01
7.854273000000000504e-01
7.854322999999999722e-01
7.853436999999999779e-01
7.855218000000000478e-01
7.855680999999999914e-01
7.852546999999999722e-01
7.854839000000000127e-01
7.853645999999999683e-01
7.853567999999999660e-01
7.853921000000000374e-01
7.853763999999999745e-01
7.855161000000000504e-01
7.854598999999999887e-01
7.854191000000000367e-01
7.851384000000000141e-01
7.852590000000000403e-01
7.853071000000000357e-01
7.852272999999999614e-01
7.850692999999999699e-01
7.852719999999999700e-01
7.854094999999999827e-01
7.855229000000000239e-01
7.854687000000000197e-01
7.854600999999999944e-01
7.856212999999999669e-01
7.854780999999999569e-01
7.856054000000000093e-01
7.856311999999999740e-01
7.852841000000000404e-01
7.855874000000000468e-01
7.854862999999999706e-01
7.853535999999999850e-01
7.852871999999999630e-01
7.853516000000000385e-01
7.855448999999999904e-01
7.851901999999999493e-01
7.854491999999999585e-01
7.852805999999999953e-01
7.853417999999999788e-01
7.853107999999999755e-01
7.854674000000000378e-01
7.854290000000000438e-01
7.853487000000000107e-01
7.855003999999999875e-01
7.850886000000000253e-01
7.854432999999999554e-01
7.855628999999999529e-01
7.850690999999999642e-01
7.855092999999999659e-01
7.853461999999999943e-01
7.854594000000000298e-01
7.856187999999999505e-01
7.852890000000000148e-01
7.853896999999999684e-01
7.854058999999999902e-01
7.854257000000000044e-01
7.855259999999999465e-01
7.852628000000000386e-01
7.852744000000000391e-01
7.854738999999999471e-01
7.854292999999999969e-01
7.852044000000000246e-01
7.854411999999999505e-01
7.855421000000000209e-01
7.854193999999999898e-01
7.853721000000000174e-01
7.854919000000000207e-01
7.853904000000000440e-01
7.852888999999999564e-01
7.854936000000000140e-01
7.855172000000000265e-01
7.855062999999999906e-01
7.854385999999999868e-01
7.854301000000000199e-01
7.852890000000000148e-01
7.855535999999999630e-01
7.852993999999999808e-01
7.855566000000000493e-01
7.854219000000000062e-01
7.854866000000000348e-01
7.851525999999999783e-01
7.856338999999999961e-01
7.852247999999999450e-01
7.853537000000000434e-01
7.854670000000000263e-01
7.854132999999999809e-01
7.854155999999999915e-01
7.852527000000000257e-01
7.853440000000000420e-01
7.854246000000000283e-01
7.852540000000000076e-01
7.853752999999999984e-01
7.853784000000000320e-01
7.853404999999999969e-01
7.854206000000000243e-01
7.853938000000000308e-01
7.854718000000000533e-01
7.853917000000000259e-01
7.852523999999999615e-01
7.854060000000000485e-01
7.852538999999999492e-01
7.855066000000000548e-01
7.855318000000000023e-01
7.852786000000000488e-01
7.855423000000000266e-01
7.852892999999999679e-01
7.853238000000000163e-01
7.852978000000000458e-01
7.854740000000000055e-01
7.854221000000000119e-01
7.850766999999999607e-01
7.852706999999999882e-01
7.852698999999999652e-01
7.856109999999999483e-01
7.855246999999999646e-01
7.855113000000000234e-01
7.855294000000000443e-01
7.855505000000000404e-01
7.853251999999999455e-01
7.853021000000000029e-01
7.855265000000000164e-01
7.854468000000000005e-01
7.851380999999999499e-01
7.853390000000000093e-01
7.854917000000000149e-01
7.853061999999999543e-01
7.852999999999999980e-01
7.854938999999999671e-01
7.852685999999999833e-01
7.852377999999999858e-01
7.854752999999999874e-01
7.853297000000000194e-01
7.855041999999999858e-01
7.855271000000000337e-01
7.854872000000000520e-01
7.856334999999999846e-01
7.853898999999999742e-01
7.854824000000000250e-01
7.854303000000000257e-01
7.853272999999999504e-01
7.855147000000000101e-01
7.855463000000000306e-01
7.852611999999999925e-01
7.851133999999999613e-01
7.853371999999999575e-01
7.852618000000000098e-01
7.852957000000000409e-01
7.853301999999999783e-01
7.854499000000000342e-01
7.853852000000000055e-01
7.856729000000000074e-01
7.854092000000000295e-01
7.854069000000000189e-01
7.853310999999999487e-01
7.852601999999999638e-01
7.853925999999999963e-01
7.858477999999999852e-01
7.855069999999999553e-01
7.854586999999999541e-01
7.852152999999999494e-01
7.853837999999999653e-01
7.849323000000000272e-01
7.853495999999999810e-01
7.854468999999999479e-01
7.852717000000000169e-01
7.856469999999999843e-01
7.852029999999999843e-01
7.854904000000000330e-01
7.851985999999999688e-01
7.855955000000000021e-01
7.856007000000000406e-01
7.852466000000000168e-01
7.854645999999999573e-01
7.856505000000000294e-01
7.855775999999999870e-01
7.852478000000000513e-01
7.856469999999999843e-01
7.855476000000000125e-01
7.852316999999999769e-01
7.853451999999999655e-01
7.852850000000000108e-01
7.855277999999999983e-01
7.854913000000000034e-01
7.851441000000000114e-01
7.853668999999999789e-01
7.854286000000000323e-01
7.854778999999999511e-01
7.851683000000000412e-01
7.855242000000000058e-01
7.853310000000000013e-01
7.852713999999999528e-01
7.852915000000000312e-01
7.852031999999999901e-01
7.854183999999999610e-01
7.853181999999999663e-01
7.854303000000000257e-01
7.853411999999999615e-01
7.853892999999999569e-01
7.851635000000000142e-01
7.853904000000000440e-01
7.851985999999999688e-01
7.854919000000000207e-01
7.854691999999999785e-01
7.856764000000000525e-01
7.853301999999999783e-01
7.855959000000000136e-01
7.854725999999999653e-01
7.853084999999999649e-01
7.854455999999999660e-01
7.852569999999999828e-01
7.855801999999999508e-01
7.854605999999999533e-01
7.854421999999999793e-01
7.853793000000000024e-01
7.853198000000000123e-01
7.857340000000000435e-01
7.853601999999999528e-01
7.855389999999999873e-01
7.855568000000000550e-01
7.855039000000000327e-01
7.853603999999999585e-01
7.854229000000000349e-01
7.853023000000000087e-01
7.854541999999999913e-01
7.853185000000000304e-01
7.853040000000000020e-01
7.854592000000000240e-01
7.852917999999999843e-01
7.854468000000000005e-01
7.853820000000000245e-01
7.855550000000000033e-01
7.853253000000000039e-01
7.856068000000000495e-01
7.854160999999999504e-01
7.855199999999999960e-01
7.854065999999999548e-01
7.855100999999999889e-01
7.853120999999999574e-01
7.856406999999999696e-01
7.851979000000000042e-01
7.854179000000000022e-01
7.854794999999999972e-01
7.854940000000000255e-01
7.853265000000000384e-01
7.853442999999999952e-01
7.852485999999999633e-01
7.853126999999999747e-01
7.857016999999999474e-01
7.853588000000000235e-01
7.851922000000000068e-01
7.856735000000000246e-01
7.854533000000000209e-01
7.853449000000000124e-01
7.853866000000000458e-01
7.855374999999999996e-01
7.855381999999999643e-01
7.852759000000000267e-01
7.851934999999999887e-01
7.854071000000000247e-01
7.854446000000000483e-01
7.854898999999999631e-01
7.855974000000000013e-01
7.855077000000000309e-01
7.855583000000000427e-01
7.855364999999999709e-01
7.852601000000000164e-01
7.852869999999999573e-01
7.855313000000000434e-01
7.852253000000000149e-01
7.853537999999999908e-01
7.852131999999999445e-01
7.852377999999999858e-01
7.853037999999999963e-01
7.855851000000000361e-01
7.852831000000000117e-01
7.853468000000000115e-01
7.852732999999999519e-01
7.855231999999999770e-01
7.853286999999999907e-01
7.855526000000000453e-01
7.852122000000000268e-01
7.854119000000000517e-01
7.853957999999999773e-01
7.854527999999999510e-01
7.853194999999999482e-01
7.857383000000000006e-01
7.851930999999999772e-01
7.854763999999999635e-01
7.853712000000000470e-01
7.856946999999999681e-01
7.852379999999999916e-01
7.853580000000000005e-01
7.854364000000000345e-01
7.852466999999999642e-01
7.853179000000000132e-01
7.853141000000000149e-01
7.853786000000000378e-01
7.855406999999999806e-01
7.852175000000000127e-01
7.851983000000000157e-01
7.853828000000000475e-01
7.855345999999999718e-01
7.853626000000000218e-01
7.854655999999999860e-01
7.853797000000000139e-01
7.855183999999999500e-01
7.853898999999999742e-01
7.852557000000000009e-01
7.854048999999999614e-01
7.853310000000000013e-01
7.853430000000000133e-01
7.851396000000000486e-01
7.854035000000000322e-01
7.854457999999999718e-01
7.855974999999999486e-01
7.854343999999999770e-01
7.855102000000000473e-01
7.857140999999999709e-01
7.851795000000000302e-01
7.854168000000000260e-01
7.854326000000000363e-01
7.854875999999999525e-01
7.854731000000000352e-01
7.854522000000000448e-01
7.854944999999999844e-01
7.854474000000000178e-01
7.854600999999999944e-01
7.850911000000000417e-01
7.855041999999999858e-01
7.853248999999999924e-01
7.855239000000000527e-01
7.852130000000000498e-01
7.851630000000000553e-01
7.853883999999999865e-01
7.854546999999999501e-01
7.851894000000000373e-01
7.850793999999999828e-01
7.854020000000000445e-01
