7.854119999999999990e-01
7.852419999999999956e-01
7.851960000000000051e-01
7.851939999999999475e-01
7.861879999999999979e-01
7.849479999999999791e-01
7.856600000000000250e-01
7.851960000000000051e-01
7.852080000000000171e-01
7.856560000000000210e-01
7.859979999999999745e-01
7.856159999999999810e-01
7.853539999999999965e-01
7.864379999999999704e-01
7.859800000000000120e-01
7.857560000000000100e-01
7.851740000000000386e-01
7.854900000000000215e-01
7.851040000000000241e-01
7.851500000000000146e-01
7.852320000000000411e-01
7.860260000000000025e-01
7.852639999999999620e-01
7.845800000000000551e-01
7.844280000000000141e-01
7.862280000000000380e-01
7.853179999999999605e-01
7.848079999999999501e-01
7.855879999999999530e-01
7.854539999999999855e-01
7.851359999999999451e-01
7.849180000000000046e-01
7.853219999999999645e-01
7.854680000000000550e-01
7.839859999999999607e-01
7.855259999999999465e-01
7.854560000000000430e-01
7.847600000000000131e-01
7.850540000000000296e-01
7.853980000000000405e-01
7.854820000000000135e-01
7.851660000000000306e-01
7.853099999999999525e-01
7.854160000000000030e-01
7.855459999999999665e-01
7.860059999999999825e-01
7.850899999999999546e-01
7.856919999999999460e-01
7.859159999999999480e-01
7.856379999999999475e-01
7.848659999999999526e-01
7.862660000000000204e-01
7.843660000000000077e-01
7.851019999999999666e-01
7.861299999999999955e-01
7.846060000000000256e-01
7.854299999999999615e-01
7.849380000000000246e-01
7.852459999999999996e-01
7.853919999999999790e-01
7.860479999999999690e-01
7.853639999999999510e-01
7.850279999999999481e-01
7.869420000000000304e-01
7.852679999999999660e-01
7.849739999999999496e-01
7.852459999999999996e-01
7.842379999999999907e-01
7.853099999999999525e-01
7.849359999999999671e-01
7.852400000000000491e-01
7.856260000000000465e-01
7.851059999999999706e-01
7.846319999999999961e-01
7.845199999999999951e-01
7.857600000000000140e-01
7.844860000000000166e-01
7.849720000000000031e-01
7.850059999999999816e-01
7.858119999999999550e-01
7.851700000000000346e-01
7.860759999999999970e-01
7.859720000000000040e-01
7.857899999999999885e-01
7.844459999999999766e-01
7.852780000000000316e-01
7.853179999999999605e-01
7.859059999999999935e-01
7.858319999999999750e-01
7.859040000000000470e-01
7.858359999999999790e-01
7.852080000000000171e-01
7.848939999999999806e-01
7.859739999999999505e-01
7.847779999999999756e-01
7.859159999999999480e-01
7.862740000000000284e-01
7.851879999999999971e-01
7.855640000000000400e-01
7.850519999999999721e-01
7.855900000000000105e-01
7.857039999999999580e-01
7.857859999999999845e-01
7.856819999999999915e-01
7.846640000000000281e-01
7.853139999999999565e-01
7.853799999999999670e-01
7.858760000000000190e-01
7.850880000000000081e-01
7.857579999999999565e-01
7.848779999999999646e-01
7.844119999999999981e-01
7.855999999999999650e-01
7.858859999999999735e-01
7.857920000000000460e-01
7.852780000000000316e-01
7.859479999999999800e-01
7.860540000000000305e-01
7.852459999999999996e-01
7.855680000000000440e-01
7.855079999999999840e-01
7.841519999999999602e-01
7.851259999999999906e-01
7.845900000000000096e-01
7.842660000000000187e-01
7.860279999999999490e-01
7.862419999999999964e-01
7.865959999999999619e-01
7.855299999999999505e-01
7.850200000000000511e-01
7.864459999999999784e-01
7.855659999999999865e-01
7.858880000000000310e-01
7.852459999999999996e-01
7.845900000000000096e-01
7.850420000000000176e-01
7.858659999999999535e-01
7.855499999999999705e-01
7.849260000000000126e-01
7.847760000000000291e-01
7.848399999999999821e-01
7.846360000000000001e-01
7.846260000000000456e-01
7.852719999999999700e-01
7.854759999999999520e-01
7.854499999999999815e-01
7.854219999999999535e-01
7.854499999999999815e-01
7.855379999999999585e-01
7.854299999999999615e-01
7.855039999999999800e-01
7.862040000000000139e-01
7.865339999999999554e-01
7.860540000000000305e-01
7.861200000000000410e-01
7.856159999999999810e-01
7.858000000000000540e-01
7.851320000000000521e-01
7.857260000000000355e-01
7.865159999999999929e-01
7.858020000000000005e-01
7.867079999999999629e-01
7.853620000000000045e-01
7.858140000000000125e-01
7.855640000000000400e-01
7.853480000000000461e-01
7.847439999999999971e-01
7.843660000000000077e-01
7.863860000000000294e-01
7.858380000000000365e-01
7.861780000000000435e-01
7.856260000000000465e-01
7.851879999999999971e-01
7.853940000000000365e-01
7.854659999999999975e-01
7.848239999999999661e-01
7.850279999999999481e-01
7.851599999999999691e-01
7.851479999999999571e-01
7.855499999999999705e-01
7.852580000000000116e-01
7.864820000000000144e-01
7.851160000000000361e-01
7.847340000000000426e-01
7.857460000000000555e-01
7.852740000000000276e-01
7.850240000000000551e-01
7.846499999999999586e-01
7.850800000000000001e-01
7.858640000000000070e-01
7.859099999999999975e-01
7.854759999999999520e-01
7.853320000000000300e-01
7.847739999999999716e-01
7.850420000000000176e-01
7.856039999999999690e-01
7.853740000000000165e-01
7.860740000000000505e-01
7.843599999999999461e-01
7.854020000000000445e-01
7.852080000000000171e-01
7.857539999999999525e-01
7.840960000000000152e-01
7.857340000000000435e-01
7.854860000000000175e-01
7.856340000000000545e-01
7.853959999999999830e-01
7.852040000000000131e-01
7.866859999999999964e-01
7.863179999999999614e-01
7.860960000000000170e-01
7.860639999999999850e-01
7.850260000000000016e-01
7.864759999999999529e-01
7.856880000000000530e-01
7.859239999999999560e-01
7.847420000000000506e-01
7.862620000000000164e-01
7.845020000000000326e-01
7.849340000000000206e-01
7.849819999999999576e-01
7.857619999999999605e-01
7.833520000000000483e-01
7.853679999999999550e-01
7.853940000000000365e-01
7.854560000000000430e-01
7.845600000000000351e-01
7.849199999999999511e-01
7.856419999999999515e-01
7.844539999999999846e-01
7.848319999999999741e-01
7.850639999999999841e-01
7.853700000000000125e-01
7.858699999999999575e-01
7.852299999999999836e-01
7.859920000000000240e-01
7.846520000000000161e-01
7.850780000000000536e-01
7.859180000000000055e-01
7.857079999999999620e-01
7.849220000000000086e-01
7.859199999999999520e-01
7.848659999999999526e-01
7.845900000000000096e-01
7.847880000000000411e-01
7.854740000000000055e-01
7.853080000000000060e-01
7.857699999999999685e-01
7.854700000000000015e-01
7.851580000000000226e-01
7.853980000000000405e-01
7.855539999999999745e-01
7.861320000000000530e-01
7.854360000000000230e-01
7.853299999999999725e-01
7.856180000000000385e-01
7.840340000000000087e-01
7.860840000000000050e-01
7.857560000000000100e-01
7.847979999999999956e-01
7.851299999999999946e-01
7.862540000000000084e-01
7.848779999999999646e-01
7.859099999999999975e-01
7.860340000000000105e-01
7.848500000000000476e-01
7.851439999999999531e-01
7.858220000000000205e-01
7.859059999999999935e-01
7.860019999999999785e-01
7.866959999999999509e-01
7.856940000000000035e-01
7.848699999999999566e-01
7.844919999999999671e-01
7.855520000000000280e-01
7.852160000000000251e-01
7.851200000000000401e-01
7.850099999999999856e-01
7.857560000000000100e-01
7.851960000000000051e-01
7.846260000000000456e-01
7.864539999999999864e-01
7.851120000000000321e-01
7.860780000000000545e-01
7.856060000000000265e-01
7.848540000000000516e-01
7.859439999999999760e-01
7.854280000000000150e-01
7.857220000000000315e-01
7.854259999999999575e-01
7.864299999999999624e-01
7.857880000000000420e-01
7.848319999999999741e-01
7.859220000000000095e-01
7.854839999999999600e-01
7.858880000000000310e-01
7.852120000000000211e-01
7.847739999999999716e-01
7.865379999999999594e-01
7.848460000000000436e-01
7.854459999999999775e-01
7.844680000000000542e-01
7.859019999999999895e-01
7.851920000000000011e-01
7.858199999999999630e-01
7.858380000000000365e-01
7.861939999999999484e-01
7.857619999999999605e-01
7.854139999999999455e-01
7.858340000000000325e-01
7.853219999999999645e-01
7.848460000000000436e-01
7.850740000000000496e-01
7.863780000000000214e-01
7.855159999999999920e-01
7.849279999999999591e-01
7.852160000000000251e-01
7.843240000000000212e-01
7.862440000000000540e-01
7.849559999999999871e-01
7.855900000000000105e-01
7.860319999999999530e-01
7.850740000000000496e-01
7.849720000000000031e-01
7.848920000000000341e-01
7.863740000000000174e-01
7.854799999999999560e-01
7.850620000000000376e-01
7.851420000000000066e-01
7.852679999999999660e-01
7.855039999999999800e-01
7.845499999999999696e-01
7.851059999999999706e-01
7.867779999999999774e-01
7.871019999999999683e-01
7.860880000000000090e-01
7.851080000000000281e-01
7.856579999999999675e-01
7.863940000000000374e-01
7.865440000000000209e-01
7.846260000000000456e-01
7.868960000000000399e-01
7.854799999999999560e-01
7.857899999999999885e-01
7.843160000000000132e-01
7.856940000000000035e-01
7.848920000000000341e-01
7.847840000000000371e-01
7.843179999999999596e-01
7.854799999999999560e-01
7.850059999999999816e-01
7.859939999999999705e-01
7.858800000000000230e-01
7.841439999999999522e-01
7.849840000000000151e-01
7.853999999999999870e-01
7.849559999999999871e-01
7.846119999999999761e-01
7.853440000000000420e-01
7.864499999999999824e-01
7.846100000000000296e-01
7.863339999999999774e-01
7.853780000000000205e-01
7.851059999999999706e-01
7.849019999999999886e-01
7.847779999999999756e-01
7.850340000000000096e-01
7.846360000000000001e-01
7.851799999999999891e-01
7.851439999999999531e-01
7.843780000000000197e-01
7.853560000000000541e-01
7.861280000000000490e-01
7.854780000000000095e-01
7.855280000000000040e-01
7.849000000000000421e-01
7.864139999999999464e-01
7.855820000000000025e-01
7.857640000000000180e-01
7.858699999999999575e-01
7.853719999999999590e-01
7.848579999999999446e-01
7.853560000000000541e-01
7.862299999999999844e-01
7.852320000000000411e-01
7.846199999999999841e-01
7.857220000000000315e-01
7.855860000000000065e-01
7.862000000000000099e-01
7.855839999999999490e-01
7.855959999999999610e-01
7.857140000000000235e-01
7.841519999999999602e-01
7.854759999999999520e-01
7.860099999999999865e-01
7.861740000000000395e-01
7.848760000000000181e-01
7.857380000000000475e-01
7.841339999999999977e-01
7.858819999999999695e-01
7.850759999999999961e-01
7.860540000000000305e-01
7.850559999999999761e-01
7.867420000000000524e-01
7.858640000000000070e-01
7.847020000000000106e-01
7.862339999999999884e-01
7.849899999999999656e-01
7.853440000000000420e-01
7.855659999999999865e-01
7.855100000000000415e-01
7.851500000000000146e-01
7.848640000000000061e-01
7.844219999999999526e-01
7.861979999999999524e-01
7.855140000000000455e-01
7.858340000000000325e-01
7.857560000000000100e-01
7.845299999999999496e-01
7.850719999999999921e-01
7.849720000000000031e-01
7.849880000000000191e-01
7.851820000000000466e-01
7.859660000000000535e-01
7.860759999999999970e-01
7.859239999999999560e-01
7.868000000000000549e-01
7.850160000000000471e-01
7.852019999999999555e-01
7.845280000000000031e-01
7.854079999999999950e-01
7.845680000000000431e-01
7.858540000000000525e-01
7.849859999999999616e-01
7.854200000000000070e-01
7.855539999999999745e-01
7.848300000000000276e-01
7.858840000000000270e-01
7.857060000000000155e-01
7.857020000000000115e-01
7.860239999999999450e-01
7.844900000000000206e-01
7.862719999999999709e-01
7.857779999999999765e-01
7.858220000000000205e-01
7.860120000000000440e-01
7.859140000000000015e-01
7.847199999999999731e-01
7.849559999999999871e-01
7.856440000000000090e-01
7.852799999999999780e-01
7.849800000000000111e-01
7.852940000000000476e-01
7.848279999999999701e-01
7.846300000000000496e-01
7.864100000000000534e-01
7.847399999999999931e-01
7.844480000000000341e-01
7.843280000000000252e-01
7.860059999999999825e-01
7.850819999999999466e-01
7.849699999999999456e-01
7.855180000000000495e-01
7.849059999999999926e-01
7.856360000000000010e-01
7.863099999999999534e-01
7.856899999999999995e-01
7.843299999999999716e-01
7.865659999999999874e-01
7.856379999999999475e-01
7.852580000000000116e-01
7.865339999999999554e-01
7.845419999999999616e-01
7.844640000000000502e-01
7.842019999999999547e-01
7.850819999999999466e-01
7.850399999999999601e-01
7.852120000000000211e-01
7.856220000000000425e-01
7.854839999999999600e-01
7.843940000000000357e-01
7.852040000000000131e-01
7.849800000000000111e-01
7.855980000000000185e-01
7.873139999999999583e-01
7.855520000000000280e-01
7.860059999999999825e-01
7.855199999999999960e-01
7.852799999999999780e-01
7.844600000000000461e-01
7.853759999999999630e-01
7.862379999999999924e-01
7.840200000000000502e-01
7.850099999999999856e-01
7.855440000000000200e-01
7.862419999999999964e-01
7.839420000000000277e-01
7.846899999999999986e-01
7.845779999999999976e-01
7.856459999999999555e-01
