7.850430000000000463e-01
7.844640000000000502e-01
7.848260000000000236e-01
7.853449999999999598e-01
7.854799999999999560e-01
7.863980000000000414e-01
7.846950000000000314e-01
7.847420000000000506e-01
7.848640000000000061e-01
7.854799999999999560e-01
7.849779999999999536e-01
7.851289999999999658e-01
7.852850000000000108e-01
7.857159999999999700e-01
7.853240000000000220e-01
7.850639999999999841e-01
7.845339999999999536e-01
7.851879999999999971e-01
7.855750000000000233e-01
7.861399999999999499e-01
7.854389999999999983e-01
7.851029999999999953e-01
7.859909999999999952e-01
7.858779999999999655e-01
7.852369999999999628e-01
7.858169999999999877e-01
7.859739999999999505e-01
7.853200000000000180e-01
7.862329999999999597e-01
7.850219999999999976e-01
7.853449999999999598e-01
7.863339999999999774e-01
7.853719999999999590e-01
7.859979999999999745e-01
7.852930000000000188e-01
7.854860000000000175e-01
7.841460000000000097e-01
7.857669999999999932e-01
7.852080000000000171e-01
7.857669999999999932e-01
7.860770000000000257e-01
7.857070000000000443e-01
7.859159999999999480e-01
7.849420000000000286e-01
7.845499999999999696e-01
7.851599999999999691e-01
7.854910000000000503e-01
7.856210000000000138e-01
7.853890000000000038e-01
7.854170000000000318e-01
7.846689999999999499e-01
7.857929999999999637e-01
7.854959999999999720e-01
7.852949999999999653e-01
7.853790000000000493e-01
7.856579999999999675e-01
7.851430000000000353e-01
7.844830000000000414e-01
7.855720000000000480e-01
7.853010000000000268e-01
7.856539999999999635e-01
7.851380000000000026e-01
7.848249999999999948e-01
7.852259999999999796e-01
7.853639999999999510e-01
7.861010000000000497e-01
7.858169999999999877e-01
7.852470000000000283e-01
7.859580000000000455e-01
7.853109999999999813e-01
7.849279999999999591e-01
7.849859999999999616e-01
7.851510000000000433e-01
7.857709999999999972e-01
7.860500000000000265e-01
7.856830000000000203e-01
7.848779999999999646e-01
7.855349999999999833e-01
7.853989999999999583e-01
7.844560000000000421e-01
7.852440000000000531e-01
7.855419999999999625e-01
7.852599999999999580e-01
7.849490000000000078e-01
7.852519999999999500e-01
7.854489999999999528e-01
7.854619999999999935e-01
7.851420000000000066e-01
7.862639999999999629e-01
7.857659999999999645e-01
7.857359999999999900e-01
7.851029999999999953e-01
7.859080000000000510e-01
7.851120000000000321e-01
7.845990000000000464e-01
7.853080000000000060e-01
7.844579999999999886e-01
7.854550000000000143e-01
7.850190000000000223e-01
7.856999999999999540e-01
7.858650000000000357e-01
7.855119999999999880e-01
7.857199999999999740e-01
7.854870000000000463e-01
7.850340000000000096e-01
7.853139999999999565e-01
7.853900000000000325e-01
7.856229999999999603e-01
7.855499999999999705e-01
7.856159999999999810e-01
7.848819999999999686e-01
7.854010000000000158e-01
7.853550000000000253e-01
7.851960000000000051e-01
7.846269999999999634e-01
7.853569999999999718e-01
7.854259999999999575e-01
7.854550000000000143e-01
7.857570000000000388e-01
7.854609999999999648e-01
7.853830000000000533e-01
7.858129999999999837e-01
7.851439999999999531e-01
7.853099999999999525e-01
7.852320000000000411e-01
7.856039999999999690e-01
7.857189999999999452e-01
7.852949999999999653e-01
7.858460000000000445e-01
7.854719999999999480e-01
7.855459999999999665e-01
7.856210000000000138e-01
7.852479999999999460e-01
7.851369999999999738e-01
7.850200000000000511e-01
7.848359999999999781e-01
7.853379999999999805e-01
7.854459999999999775e-01
7.856539999999999635e-01
7.864590000000000192e-01
7.857549999999999812e-01
7.855799999999999450e-01
7.856090000000000018e-01
7.854499999999999815e-01
7.859439999999999760e-01
7.855149999999999633e-01
7.856030000000000513e-01
7.858279999999999710e-01
7.859770000000000367e-01
7.854510000000000103e-01
7.850510000000000543e-01
7.850810000000000288e-01
7.852289999999999548e-01
7.857659999999999645e-01
7.854200000000000070e-01
7.851169999999999538e-01
7.847619999999999596e-01
7.855670000000000153e-01
7.852839999999999820e-01
7.859789999999999832e-01
7.848410000000000108e-01
7.853700000000000125e-01
7.855929999999999858e-01
7.852489999999999748e-01
7.856980000000000075e-01
7.847140000000000226e-01
7.850350000000000383e-01
7.853250000000000508e-01
7.859019999999999895e-01
7.859089999999999687e-01
7.851409999999999778e-01
7.854689999999999728e-01
7.850719999999999921e-01
7.854250000000000398e-01
7.848870000000000013e-01
7.853980000000000405e-01
7.856130000000000058e-01
7.857730000000000548e-01
7.851320000000000521e-01
7.851200000000000401e-01
7.850399999999999601e-01
7.855189999999999673e-01
7.853689999999999838e-01
7.856340000000000545e-01
7.854360000000000230e-01
7.846319999999999961e-01
7.854299999999999615e-01
7.853660000000000085e-01
7.854259999999999575e-01
7.851270000000000193e-01
7.846549999999999914e-01
7.848169999999999868e-01
7.859340000000000215e-01
7.858180000000000165e-01
7.852419999999999956e-01
7.852350000000000163e-01
7.857260000000000355e-01
7.855280000000000040e-01
7.845360000000000111e-01
7.850960000000000161e-01
7.853139999999999565e-01
7.852390000000000203e-01
7.856309999999999683e-01
7.848720000000000141e-01
7.850289999999999768e-01
7.847460000000000546e-01
7.851000000000000201e-01
7.855640000000000400e-01
7.849450000000000038e-01
7.848699999999999566e-01
7.856490000000000418e-01
7.849289999999999878e-01
7.850470000000000503e-01
7.848159999999999581e-01
7.857960000000000500e-01
7.852890000000000148e-01
7.847600000000000131e-01
7.860009999999999497e-01
7.850970000000000448e-01
7.855450000000000488e-01
7.848659999999999526e-01
7.853679999999999550e-01
7.847279999999999811e-01
7.857100000000000195e-01
7.849429999999999463e-01
7.850719999999999921e-01
7.851900000000000546e-01
7.855560000000000320e-01
7.857020000000000115e-01
7.855469999999999953e-01
7.856410000000000338e-01
7.847859999999999836e-01
7.857169999999999987e-01
7.850589999999999513e-01
7.846560000000000201e-01
7.854579999999999895e-01
7.851420000000000066e-01
7.852660000000000196e-01
7.851200000000000401e-01
7.856279999999999930e-01
7.855100000000000415e-01
7.857600000000000140e-01
7.856859999999999955e-01
7.848979999999999846e-01
7.848279999999999701e-01
7.850700000000000456e-01
7.854659999999999975e-01
7.847769999999999468e-01
7.850099999999999856e-01
7.854729999999999768e-01
7.859429999999999472e-01
7.854619999999999935e-01
7.855560000000000320e-01
7.852569999999999828e-01
7.851869999999999683e-01
7.851519999999999611e-01
7.853809999999999958e-01
7.848819999999999686e-01
7.851069999999999993e-01
7.844700000000000006e-01
7.856680000000000330e-01
7.862580000000000124e-01
7.849960000000000271e-01
7.855229999999999713e-01
7.859800000000000120e-01
7.856899999999999995e-01
7.855290000000000328e-01
7.856199999999999850e-01
7.854370000000000518e-01
7.857969999999999677e-01
7.849289999999999878e-01
7.856610000000000538e-01
7.854830000000000423e-01
7.849369999999999958e-01
7.850240000000000551e-01
7.859680000000000000e-01
7.854170000000000318e-01
7.854780000000000095e-01
7.850759999999999961e-01
7.858079999999999510e-01
7.848100000000000076e-01
7.849199999999999511e-01
7.851230000000000153e-01
7.855170000000000208e-01
7.850449999999999928e-01
7.856340000000000545e-01
7.854259999999999575e-01
7.850059999999999816e-01
7.860019999999999785e-01
7.849049999999999638e-01
7.846279999999999921e-01
7.851780000000000426e-01
7.852890000000000148e-01
7.847920000000000451e-01
7.863339999999999774e-01
7.852540000000000076e-01
7.858100000000000085e-01
7.856509999999999883e-01
7.856699999999999795e-01
7.851350000000000273e-01
7.852740000000000276e-01
7.853599999999999470e-01
7.853470000000000173e-01
7.857840000000000380e-01
7.858579999999999455e-01
7.855779999999999985e-01
7.850730000000000208e-01
7.854349999999999943e-01
7.855870000000000353e-01
7.864769999999999817e-01
7.849319999999999631e-01
7.856520000000000170e-01
7.851390000000000313e-01
7.852230000000000043e-01
7.853409999999999558e-01
7.851409999999999778e-01
7.851160000000000361e-01
7.857070000000000443e-01
7.854680000000000550e-01
7.852670000000000483e-01
7.857830000000000092e-01
7.858779999999999655e-01
7.856100000000000305e-01
7.850510000000000543e-01
7.855849999999999778e-01
7.854889999999999928e-01
7.850179999999999936e-01
7.853670000000000373e-01
7.856269999999999643e-01
7.857460000000000555e-01
7.850749999999999673e-01
7.854179999999999495e-01
7.859850000000000447e-01
7.855659999999999865e-01
7.852630000000000443e-01
7.857589999999999852e-01
7.856530000000000458e-01
7.855069999999999553e-01
7.855480000000000240e-01
7.850040000000000351e-01
7.861190000000000122e-01
7.854609999999999648e-01
7.851679999999999771e-01
7.854729999999999768e-01
7.852310000000000123e-01
7.857640000000000180e-01
7.858119999999999550e-01
7.853369999999999518e-01
7.860510000000000552e-01
7.853949999999999543e-01
7.847340000000000426e-01
7.852550000000000363e-01
7.853369999999999518e-01
7.861280000000000490e-01
7.853639999999999510e-01
7.853729999999999878e-01
7.851519999999999611e-01
7.847779999999999756e-01
7.855959999999999610e-01
7.849969999999999448e-01
7.859070000000000222e-01
7.855339999999999545e-01
7.850740000000000496e-01
7.856090000000000018e-01
7.842770000000000019e-01
7.853830000000000533e-01
7.850460000000000216e-01
7.846670000000000034e-01
7.848559999999999981e-01
7.858829999999999982e-01
7.854409999999999448e-01
7.845339999999999536e-01
7.846070000000000544e-01
7.851270000000000193e-01
7.855020000000000335e-01
7.854919999999999680e-01
7.849409999999999998e-01
7.851249999999999618e-01
7.850949999999999873e-01
7.857389999999999652e-01
7.854100000000000525e-01
7.856269999999999643e-01
7.843930000000000069e-01
7.850070000000000103e-01
7.852019999999999555e-01
7.851529999999999898e-01
7.858829999999999982e-01
7.854139999999999455e-01
7.848070000000000324e-01
7.854630000000000223e-01
7.854630000000000223e-01
7.850359999999999561e-01
7.851470000000000393e-01
7.855870000000000353e-01
7.849140000000000006e-01
7.855990000000000473e-01
7.849570000000000158e-01
7.851460000000000106e-01
7.851860000000000506e-01
7.851780000000000426e-01
7.850439999999999641e-01
7.850610000000000088e-01
7.855959999999999610e-01
7.859429999999999472e-01
7.857960000000000500e-01
7.851150000000000073e-01
7.859070000000000222e-01
7.858000000000000540e-01
7.847309999999999564e-01
7.860080000000000400e-01
7.856659999999999755e-01
7.855339999999999545e-01
7.854959999999999720e-01
7.854320000000000190e-01
7.854240000000000110e-01
7.854889999999999928e-01
7.850190000000000223e-01
7.853440000000000420e-01
7.858730000000000437e-01
7.855299999999999505e-01
7.853580000000000005e-01
7.855330000000000368e-01
7.848669999999999813e-01
7.856349999999999723e-01
7.849690000000000278e-01
7.847830000000000084e-01
7.852249999999999508e-01
7.855210000000000248e-01
7.860740000000000505e-01
7.853729999999999878e-01
7.852959999999999940e-01
7.851240000000000441e-01
7.852949999999999653e-01
7.855220000000000535e-01
7.857009999999999827e-01
7.850949999999999873e-01
7.848230000000000484e-01
7.854379999999999695e-01
7.849890000000000478e-01
7.858690000000000397e-01
7.844719999999999471e-01
7.859559999999999880e-01
7.859859999999999625e-01
7.853740000000000165e-01
7.859049999999999647e-01
7.853550000000000253e-01
7.860200000000000520e-01
7.847429999999999684e-01
7.849270000000000413e-01
7.854079999999999950e-01
7.861510000000000442e-01
7.855739999999999945e-01
7.854039999999999910e-01
7.856999999999999540e-01
7.851310000000000233e-01
7.860260000000000025e-01
7.858699999999999575e-01
7.854940000000000255e-01
7.852639999999999620e-01
7.852590000000000403e-01
7.858410000000000117e-01
7.850500000000000256e-01
7.858000000000000540e-01
7.852759999999999740e-01
7.849620000000000486e-01
7.852869999999999573e-01
7.848969999999999558e-01
7.856429999999999803e-01
7.854670000000000263e-01
7.853620000000000045e-01
7.859899999999999665e-01
7.863099999999999534e-01
7.852999999999999980e-01
7.847699999999999676e-01
7.855339999999999545e-01
7.856030000000000513e-01
7.855320000000000080e-01
7.850979999999999626e-01
7.850300000000000056e-01
7.855210000000000248e-01
7.844609999999999639e-01
7.858110000000000372e-01
7.854320000000000190e-01
7.851200000000000401e-01
7.854109999999999703e-01
7.851099999999999746e-01
7.854590000000000183e-01
7.852660000000000196e-01
7.856940000000000035e-01
7.856940000000000035e-01
7.847929999999999628e-01
7.856090000000000018e-01
7.857760000000000300e-01
7.851569999999999938e-01
7.855750000000000233e-01
7.847020000000000106e-01
7.856070000000000553e-01
7.855609999999999538e-01
7.851979999999999515e-01
7.853179999999999605e-01
