7.854725952530536848e-01
7.856693571035221479e-01
7.848162254158667084e-01
7.851753236264779057e-01
7.856319960652333734e-01
7.855144024444127293e-01
7.855316123670458284e-01
7.855734221104937465e-01
7.862316691128812263e-01
7.855117688528135966e-01
7.854435029849843319e-01
7.854642340918180921e-01
7.852898851772132094e-01
7.851174041810377036e-01
7.853782809318498037e-01
7.859829658557638821e-01
7.854424378637433479e-01
7.852001855155082977e-01
7.852521050322356366e-01
7.853400769310439067e-01
7.853048486417985030e-01
7.855590010310617988e-01
7.854360946058640547e-01
7.855731902203969552e-01
7.853462776947996993e-01
7.855133102469715745e-01
7.850106446926105042e-01
7.855180648885944361e-01
7.857122048693307992e-01
7.851560674899468184e-01
7.858354109070745386e-01
7.854845928098593832e-01
7.851621008425622161e-01
7.857351474116415213e-01
7.855155173194301454e-01
7.855220143211329997e-01
7.857544548359786107e-01
7.852450968225281880e-01
7.855721652865134130e-01
7.854624290004108556e-01
7.853555633062394570e-01
7.853955947600752552e-01
7.848793393820370223e-01
7.852824799780774301e-01
7.855853064301523414e-01
7.860159937372470651e-01
7.851437228715096861e-01
7.854119677780800890e-01
7.851700367639864453e-01
7.850910043004966088e-01
7.853950272484593320e-01
7.851731390906122598e-01
7.854501892963700049e-01
7.849405182982024387e-01
7.853993309026454650e-01
7.857482132449400414e-01
7.854336705173593502e-01
7.848158464985615090e-01
7.856208112795625143e-01
7.851590468878871798e-01
7.852564480271299052e-01
7.847738018011599648e-01
7.849720769096071304e-01
7.855492788414250027e-01
7.852020011999609750e-01
7.856359429861009547e-01
7.854016023067217356e-01
7.853588622535366826e-01
7.854561726365398844e-01
7.855254101217519214e-01
7.853196665581934077e-01
7.851471694958235270e-01
7.856355926862904626e-01
7.855193158091909877e-01
7.852764187310816713e-01
7.853911879797892404e-01
7.853830723375272438e-01
7.853568276496047940e-01
7.850115214164170574e-01
7.855826265102118233e-01
7.851046857712467020e-01
7.854175727777582550e-01
7.855393602216375060e-01
7.852206404500856607e-01
7.853793151330393796e-01
7.854025056473513677e-01
7.855982528767021522e-01
7.854555212637399642e-01
7.850922173702621354e-01
7.853781115643756472e-01
7.853234921710801064e-01
7.853875609982647887e-01
7.857983073817733644e-01
7.853393790406804076e-01
7.855392583241771476e-01
7.857418767365943468e-01
7.855871841601383965e-01
7.854726285758777404e-01
7.856738650575331162e-01
7.855423009200532825e-01
7.856695545473187936e-01
7.853723371504968132e-01
7.856213332701731389e-01
7.853594089624594821e-01
7.852502472749526286e-01
7.853075678886158872e-01
7.852772074973146665e-01
7.856141994406639073e-01
7.854724722791864844e-01
7.852122039244315843e-01
7.851935993131018421e-01
7.852116491707111789e-01
7.855219846733274558e-01
7.857204641950561452e-01
7.852111732870016292e-01
7.854582177174151969e-01
7.851396875730121128e-01
7.852161184439111485e-01
7.854653458685909584e-01
7.852592958300782522e-01
7.856891825882834635e-01
7.854342111213025168e-01
7.853345054887048704e-01
7.848568294658828659e-01
7.855979184561006079e-01
7.853317676893369903e-01
7.853652699853320707e-01
7.856163790956176562e-01
7.851338990778655713e-01
7.855880939940896868e-01
7.853573078336708591e-01
7.856238935529102907e-01
7.853670685467613044e-01
7.853991980614077884e-01
7.853374211227686086e-01
7.851377263336729584e-01
7.852101212007450703e-01
7.853811394894353315e-01
7.857130641631684398e-01
7.853658840026056520e-01
7.851994987600581233e-01
7.854581663160088434e-01
7.853091442938098243e-01
7.856381115634081258e-01
7.853954829732612275e-01
7.854115143277017319e-01
7.851064617891061470e-01
7.852000929755839076e-01
7.853559040179226569e-01
7.854781296752421094e-01
7.855757740268020095e-01
7.853161650513944547e-01
7.852040067144396840e-01
7.850734806331499671e-01
7.855337086906889477e-01
7.853854148938912427e-01
7.852488206743997168e-01
7.853043438354058159e-01
7.854086556131242292e-01
7.856089385617182064e-01
7.860528103371857700e-01
7.857846969961640449e-01
7.853037991541608198e-01
7.852712397722112492e-01
7.854057501986638767e-01
7.851530918209200793e-01
7.852866107268580143e-01
7.850327389902119757e-01
7.852877029726156310e-01
7.853964200187952827e-01
7.854515384762997821e-01
7.852407842750337430e-01
7.854311294360326601e-01
7.856017741326187798e-01
7.851664367702404501e-01
7.855099615641046862e-01
7.854156350636347650e-01
7.854608296393444933e-01
7.853215536345540260e-01
7.855016225305389010e-01
7.853748683495516136e-01
7.854117274331194887e-01
7.852136977921428951e-01
7.848492285130668211e-01
7.855101751395787701e-01
7.852887590529140649e-01
7.853627305135989500e-01
7.853333206383763532e-01
7.853304864209345038e-01
7.858022591613279539e-01
7.856758089106417042e-01
7.854839995707680878e-01
7.854595662609110684e-01
7.857913992566986083e-01
7.857099377834212417e-01
7.853250012499805033e-01
7.853137738818706248e-01
7.852181658005334963e-01
7.854574878220007550e-01
7.851386445812424952e-01
7.855137204898752223e-01
7.853718126020925450e-01
7.850819043802163000e-01
7.854959451778628088e-01
7.853704211386607348e-01
7.853898447523751658e-01
7.853619676556841123e-01
7.851206471907132833e-01
7.855522929216313122e-01
7.854376747127421732e-01
7.853440224370330514e-01
7.856289807477775389e-01
7.854030202456540044e-01
7.855166786634949494e-01
7.854412201165251739e-01
7.856102188875314640e-01
7.853661920578653977e-01
7.853824845015127121e-01
7.851993791944894552e-01
7.853014914356735154e-01
7.852086817393524321e-01
7.855958560320656092e-01
7.856241807245865072e-01
7.851912877831257465e-01
7.855149421268811105e-01
7.851426643029856267e-01
7.855813879386984722e-01
7.858364528289244477e-01
7.855313774273915417e-01
7.853952565013245790e-01
7.850170794515383133e-01
7.854197752348818229e-01
7.855403674298551131e-01
7.855745207685062015e-01
7.853312548882891431e-01
7.854626311953711859e-01
7.850214486594306873e-01
7.854187481740165788e-01
7.852341506850714081e-01
7.859638632049958940e-01
7.853160236521503634e-01
7.850981962416979654e-01
7.852625525262533213e-01
7.854870564294338386e-01
7.852515847416501327e-01
7.851886221505637309e-01
7.851866086990425542e-01
7.856194744826648924e-01
7.856019460513626873e-01
7.854679260714250155e-01
7.854139745095745084e-01
7.854460293358047629e-01
7.856953452654681369e-01
7.854499679601794071e-01
7.856539433755055368e-01
7.852488819892388117e-01
7.851192367351604862e-01
7.854112530303735129e-01
7.854914329205059387e-01
7.856431314239459285e-01
7.851574370814146109e-01
7.851527849882617982e-01
7.853967937409653821e-01
7.856619617673646916e-01
7.854695608406963014e-01
7.849765049636311387e-01
7.852527074443409472e-01
7.855908384443384129e-01
7.852685775388001943e-01
7.852234897134221514e-01
7.855677610939524325e-01
7.853795071255743609e-01
7.852859438560970684e-01
7.854326877895766446e-01
7.853482007694448930e-01
7.859268887740392673e-01
7.856859575857487732e-01
7.856412652700318633e-01
7.861102203252093856e-01
7.856234566618885973e-01
7.854865547719133145e-01
7.856368015867453147e-01
7.856021406812260244e-01
7.854546242521994737e-01
7.854099754067643824e-01
7.854003888752357776e-01
7.855524720121758175e-01
7.855895522108118367e-01
7.855556845785588438e-01
7.851282013159677220e-01
7.853598281092175615e-01
7.851341024384818068e-01
7.852761733908064645e-01
7.854728462654014809e-01
7.853220540859801035e-01
7.852359479369763751e-01
7.856258260707499330e-01
7.855738671326406575e-01
7.855728020591621341e-01
7.853377018688686428e-01
7.856632885201567662e-01
7.856642124339151545e-01
7.854722937816549511e-01
7.858666856659867195e-01
7.854826469499820440e-01
7.857140753865007321e-01
7.853811375312298448e-01
7.856270745315979687e-01
7.852627487365402281e-01
7.851916512463185116e-01
7.855409240024535666e-01
7.854337882492105072e-01
7.849380411930554358e-01
7.851027621795533262e-01
7.854348972247738869e-01
7.851947630387674515e-01
7.851844239169042394e-01
7.852942178368020887e-01
7.857790299028818426e-01
7.853928378094858775e-01
7.850396733733672194e-01
7.854096412116330361e-01
7.853817982037276657e-01
7.850078844668558764e-01
7.854929070634351085e-01
7.854296013252730635e-01
7.855417475565790175e-01
7.854144412683967680e-01
7.853227300877755335e-01
7.852722082873448972e-01
7.853981546267184699e-01
7.853835111581464190e-01
7.855340021517728255e-01
7.858322197195929393e-01
7.853016373356448421e-01
7.850166284001265371e-01
7.853751819365273334e-01
7.853570095578842336e-01
7.848782729737425745e-01
7.854390687302518215e-01
7.859140247355224096e-01
7.854889789678239920e-01
7.853198452050108580e-01
7.855578780963671237e-01
7.853491176445893673e-01
7.851921243596898803e-01
7.852492110989042207e-01
7.850415554595401302e-01
7.853317992753924282e-01
7.852358729427880712e-01
7.852753626227041428e-01
7.852780967174004534e-01
7.857877050055432910e-01
7.852608950807669075e-01
7.855453363549127488e-01
7.851514885120771670e-01
7.852162818559348390e-01
7.854811487706354622e-01
7.856711683130419566e-01
7.852005248874812660e-01
7.855946655480342544e-01
7.853280025966470346e-01
7.853782390330704688e-01
7.853468524463292910e-01
7.854964726561336485e-01
7.852844265504721477e-01
7.850234097014424650e-01
7.853710616521749621e-01
7.854861552202727637e-01
7.850080942055325250e-01
7.853222575075629042e-01
7.853179580802567283e-01
7.854159621197084329e-01
7.852251314114707670e-01
7.851024478818539043e-01
7.850511567512227229e-01
7.851807772821418618e-01
7.855737206007850082e-01
7.851253264779710639e-01
7.856649404951795423e-01
7.850805097866243587e-01
7.856874878956389141e-01
7.854804699790852718e-01
7.853655489353117414e-01
7.857273003512407206e-01
7.852775233185035342e-01
7.854951772682685629e-01
7.857331121517340256e-01
7.854395334893101710e-01
7.857467533124836701e-01
7.855670373740067935e-01
7.855904036637206822e-01
7.852555211960037251e-01
7.854200481550300816e-01
7.852746610441182495e-01
7.853847275054441912e-01
7.856473205164481444e-01
7.849969909737609663e-01
7.851023445322816707e-01
7.855063350020289326e-01
7.852962771365946670e-01
7.858309599103745491e-01
7.853160742895793911e-01
7.848992028510374253e-01
7.854349395566631031e-01
7.852353617476017789e-01
7.853498779081514725e-01
7.853450821677615545e-01
7.853709910099169189e-01
7.855631370613377351e-01
7.857511051019195891e-01
7.856902174595228328e-01
7.856277674595761873e-01
7.854387808298993745e-01
7.853791657616232547e-01
7.853829734168045196e-01
7.849518530128219984e-01
7.851807849288368057e-01
7.853340746343518974e-01
7.855534145888847242e-01
7.852450493107361318e-01
7.855967198435033216e-01
7.854741094285471181e-01
7.852339935237905300e-01
7.851419209649110886e-01
7.856337905188145454e-01
7.855267324152978015e-01
7.856720418251356142e-01
7.852391800676449263e-01
7.854403754667909077e-01
7.853122868968127612e-01
7.854626618933991944e-01
7.853903114430724752e-01
7.852297896260435062e-01
7.856516251522821515e-01
7.854577336239924046e-01
7.852233878384712318e-01
7.855535400637311261e-01
7.850351884404621616e-01
7.854047329061766280e-01
7.850526540987098345e-01
7.851726386108447420e-01
7.855957275513554272e-01
7.852944364194516247e-01
7.855124672679657527e-01
7.854145884311695136e-01
7.857075099282055941e-01
7.854795957512867854e-01
7.852700395137318656e-01
7.852259603446730685e-01
7.851088661994979345e-01
7.857897287839528122e-01
7.854058718891693269e-01
7.853976186954778616e-01
7.857614560984992336e-01
7.856367579820010549e-01
7.854360417165171526e-01
7.858198950671899663e-01
7.856151267893857204e-01
7.852086735274235174e-01
7.851386023645476886e-01
7.852780220108256382e-01
7.853711873425996970e-01
7.850690945821188205e-01
7.852971174681140365e-01
7.851094937606784008e-01
7.850881824591727787e-01
7.854010103522086617e-01
7.854115326838977396e-01
7.850532993318136699e-01
7.856178569604432838e-01
7.853731669229143675e-01
7.851665675645126408e-01
7.856900461521767465e-01
7.853161754779999226e-01
7.852933776870270055e-01
7.858245292991048458e-01
7.854593433165052430e-01
7.853447693021398113e-01
7.854477153559541458e-01
7.858724580815361627e-01
7.853757816296063066e-01
7.854783312923586669e-01
7.850365234516559765e-01
7.852487011022770691e-01
7.859119789412984947e-01
7.854817570138014071e-01
7.851912428754581619e-01
7.857662935933587001e-01
7.856839507701892655e-01
7.855366069312542665e-01
7.847741531770537904e-01
7.851644049474172382e-01
7.854497620735736430e-01
7.854404965156007723e-01
7.855226561596968526e-01
7.853554597844596419e-01
7.858230453824838202e-01
7.848955574179948824e-01
7.849635213174063209e-01
