7.912000000000000144e-01
7.860000000000000320e-01
7.832000000000000073e-01
7.848000000000000531e-01
7.803999999999999826e-01
7.802000000000000046e-01
7.783999999999999808e-01
7.810000000000000275e-01
7.863999999999999879e-01
7.832000000000000073e-01
7.868000000000000549e-01
7.805999999999999606e-01
7.748000000000000442e-01
7.945999999999999730e-01
7.860000000000000320e-01
7.860000000000000320e-01
7.868000000000000549e-01
7.922000000000000153e-01
7.835999999999999632e-01
7.962000000000000188e-01
7.880000000000000338e-01
7.812000000000000055e-01
7.868000000000000549e-01
7.875999999999999668e-01
7.870000000000000329e-01
7.862000000000000099e-01
7.907999999999999474e-01
7.880000000000000338e-01
7.873999999999999888e-01
7.920000000000000373e-01
7.793999999999999817e-01
7.805999999999999606e-01
7.832000000000000073e-01
7.752000000000000002e-01
7.860000000000000320e-01
7.812000000000000055e-01
7.765999999999999570e-01
7.793999999999999817e-01
7.808000000000000496e-01
7.922000000000000153e-01
7.895999999999999686e-01
7.813999999999999835e-01
7.838000000000000522e-01
7.885999999999999677e-01
7.795999999999999597e-01
7.822000000000000064e-01
7.795999999999999597e-01
7.778000000000000469e-01
7.773999999999999799e-01
7.832000000000000073e-01
7.815999999999999615e-01
7.875999999999999668e-01
7.770000000000000240e-01
7.910000000000000364e-01
7.877999999999999448e-01
7.842000000000000082e-01
7.870000000000000329e-01
7.893999999999999906e-01
7.832000000000000073e-01
7.917999999999999483e-01
7.855999999999999650e-01
7.950000000000000400e-01
7.823999999999999844e-01
7.917999999999999483e-01
7.910000000000000364e-01
7.765999999999999570e-01
7.838000000000000522e-01
7.942000000000000171e-01
7.818000000000000504e-01
7.985999999999999766e-01
7.748000000000000442e-01
7.803999999999999826e-01
7.833999999999999853e-01
7.848000000000000531e-01
7.947999999999999510e-01
7.825999999999999623e-01
7.902000000000000135e-01
7.850000000000000311e-01
7.883999999999999897e-01
7.923999999999999932e-01
7.815999999999999615e-01
7.798000000000000487e-01
7.862000000000000099e-01
7.880000000000000338e-01
7.863999999999999879e-01
7.822000000000000064e-01
7.868000000000000549e-01
7.913999999999999924e-01
7.883999999999999897e-01
7.903999999999999915e-01
7.892000000000000126e-01
7.812000000000000055e-01
7.772000000000000020e-01
7.783999999999999808e-01
7.835999999999999632e-01
7.868000000000000549e-01
7.778000000000000469e-01
7.731999999999999984e-01
7.792000000000000037e-01
7.800000000000000266e-01
7.980000000000000426e-01
7.795999999999999597e-01
7.700000000000000178e-01
7.927999999999999492e-01
7.907999999999999474e-01
7.842000000000000082e-01
7.758000000000000451e-01
7.830000000000000293e-01
7.885999999999999677e-01
7.877999999999999448e-01
7.880000000000000338e-01
7.925999999999999712e-01
7.723999999999999755e-01
7.763999999999999790e-01
7.770000000000000240e-01
7.798000000000000487e-01
7.940000000000000391e-01
7.798000000000000487e-01
7.845999999999999641e-01
7.872000000000000108e-01
7.883999999999999897e-01
7.832000000000000073e-01
7.812000000000000055e-01
7.820000000000000284e-01
7.897999999999999465e-01
7.828000000000000513e-01
7.825999999999999623e-01
7.763999999999999790e-01
7.865999999999999659e-01
7.895999999999999686e-01
7.952000000000000179e-01
7.855999999999999650e-01
7.885999999999999677e-01
7.852000000000000091e-01
7.795999999999999597e-01
7.868000000000000549e-01
7.780000000000000249e-01
7.802000000000000046e-01
7.882000000000000117e-01
7.828000000000000513e-01
7.741999999999999993e-01
7.772000000000000020e-01
7.890000000000000346e-01
7.957999999999999519e-01
7.825999999999999623e-01
7.842000000000000082e-01
7.952000000000000179e-01
7.967999999999999527e-01
7.843999999999999861e-01
7.940000000000000391e-01
7.875999999999999668e-01
7.873999999999999888e-01
7.800000000000000266e-01
7.993999999999999995e-01
7.905999999999999694e-01
7.825999999999999623e-01
7.953999999999999959e-01
7.960000000000000409e-01
7.842000000000000082e-01
7.892000000000000126e-01
7.868000000000000549e-01
7.795999999999999597e-01
7.823999999999999844e-01
7.800000000000000266e-01
7.845999999999999641e-01
7.780000000000000249e-01
7.842000000000000082e-01
7.850000000000000311e-01
7.863999999999999879e-01
7.912000000000000144e-01
7.793999999999999817e-01
7.703999999999999737e-01
7.800000000000000266e-01
7.820000000000000284e-01
7.877999999999999448e-01
7.802000000000000046e-01
7.877999999999999448e-01
7.833999999999999853e-01
7.813999999999999835e-01
7.808000000000000496e-01
7.872000000000000108e-01
7.840000000000000302e-01
7.822000000000000064e-01
7.822000000000000064e-01
7.877999999999999448e-01
7.882000000000000117e-01
7.810000000000000275e-01
7.883999999999999897e-01
7.890000000000000346e-01
7.940000000000000391e-01
7.790000000000000258e-01
7.748000000000000442e-01
7.805999999999999606e-01
7.845999999999999641e-01
7.782000000000000028e-01
7.790000000000000258e-01
7.977999999999999536e-01
7.832000000000000073e-01
7.883999999999999897e-01
7.923999999999999932e-01
7.960000000000000409e-01
7.800000000000000266e-01
7.808000000000000496e-01
7.848000000000000531e-01
7.800000000000000266e-01
7.925999999999999712e-01
7.828000000000000513e-01
7.788000000000000478e-01
7.805999999999999606e-01
7.842000000000000082e-01
7.833999999999999853e-01
7.828000000000000513e-01
7.868000000000000549e-01
7.897999999999999465e-01
7.858000000000000540e-01
7.957999999999999519e-01
7.913999999999999924e-01
7.833999999999999853e-01
7.990000000000000435e-01
7.880000000000000338e-01
7.805999999999999606e-01
7.815999999999999615e-01
7.832000000000000073e-01
7.852000000000000091e-01
7.895999999999999686e-01
7.863999999999999879e-01
7.818000000000000504e-01
7.842000000000000082e-01
7.822000000000000064e-01
7.830000000000000293e-01
7.870000000000000329e-01
7.832000000000000073e-01
7.765999999999999570e-01
7.805999999999999606e-01
7.880000000000000338e-01
7.822000000000000064e-01
7.865999999999999659e-01
7.895999999999999686e-01
7.892000000000000126e-01
7.917999999999999483e-01
7.840000000000000302e-01
7.923999999999999932e-01
7.795999999999999597e-01
7.875999999999999668e-01
7.820000000000000284e-01
7.720000000000000195e-01
7.705999999999999517e-01
7.822000000000000064e-01
7.947999999999999510e-01
7.818000000000000504e-01
7.935999999999999721e-01
7.750000000000000222e-01
7.765999999999999570e-01
7.860000000000000320e-01
7.872000000000000108e-01
7.823999999999999844e-01
7.870000000000000329e-01
7.912000000000000144e-01
7.812000000000000055e-01
7.822000000000000064e-01
7.877999999999999448e-01
7.828000000000000513e-01
7.820000000000000284e-01
7.865999999999999659e-01
7.752000000000000002e-01
7.855999999999999650e-01
7.735999999999999543e-01
7.913999999999999924e-01
7.905999999999999694e-01
7.895999999999999686e-01
7.835999999999999632e-01
7.815999999999999615e-01
7.838000000000000522e-01
7.778000000000000469e-01
7.975999999999999757e-01
7.798000000000000487e-01
7.927999999999999492e-01
7.858000000000000540e-01
7.793999999999999817e-01
7.865999999999999659e-01
7.875999999999999668e-01
7.788000000000000478e-01
7.905999999999999694e-01
7.830000000000000293e-01
7.873999999999999888e-01
7.897999999999999465e-01
7.858000000000000540e-01
7.800000000000000266e-01
7.853999999999999870e-01
7.868000000000000549e-01
7.873999999999999888e-01
7.965999999999999748e-01
7.873999999999999888e-01
7.788000000000000478e-01
7.843999999999999861e-01
7.805999999999999606e-01
7.887999999999999456e-01
7.905999999999999694e-01
7.900000000000000355e-01
7.790000000000000258e-01
7.842000000000000082e-01
7.793999999999999817e-01
7.862000000000000099e-01
7.897999999999999465e-01
7.862000000000000099e-01
7.768000000000000460e-01
7.853999999999999870e-01
7.785999999999999588e-01
7.940000000000000391e-01
7.848000000000000531e-01
7.903999999999999915e-01
7.813999999999999835e-01
7.880000000000000338e-01
7.858000000000000540e-01
7.915999999999999703e-01
7.877999999999999448e-01
7.743999999999999773e-01
7.833999999999999853e-01
7.848000000000000531e-01
7.795999999999999597e-01
7.800000000000000266e-01
7.880000000000000338e-01
7.907999999999999474e-01
7.920000000000000373e-01
7.832000000000000073e-01
7.815999999999999615e-01
7.802000000000000046e-01
7.880000000000000338e-01
7.753999999999999782e-01
7.893999999999999906e-01
7.830000000000000293e-01
7.910000000000000364e-01
7.923999999999999932e-01
7.778000000000000469e-01
7.850000000000000311e-01
7.862000000000000099e-01
7.917999999999999483e-01
7.800000000000000266e-01
7.833999999999999853e-01
7.920000000000000373e-01
7.907999999999999474e-01
7.845999999999999641e-01
7.865999999999999659e-01
7.950000000000000400e-01
7.963999999999999968e-01
7.802000000000000046e-01
7.735999999999999543e-01
7.785999999999999588e-01
7.887999999999999456e-01
7.745999999999999552e-01
7.862000000000000099e-01
7.843999999999999861e-01
7.740000000000000213e-01
7.920000000000000373e-01
7.852000000000000091e-01
7.840000000000000302e-01
7.923999999999999932e-01
7.812000000000000055e-01
7.858000000000000540e-01
7.942000000000000171e-01
7.930000000000000382e-01
7.808000000000000496e-01
7.773999999999999799e-01
7.703999999999999737e-01
7.828000000000000513e-01
7.943999999999999950e-01
7.853999999999999870e-01
7.868000000000000549e-01
7.855999999999999650e-01
7.833999999999999853e-01
7.792000000000000037e-01
7.858000000000000540e-01
7.838000000000000522e-01
7.815999999999999615e-01
7.768000000000000460e-01
7.937999999999999501e-01
7.848000000000000531e-01
7.900000000000000355e-01
7.825999999999999623e-01
7.693999999999999728e-01
7.955999999999999739e-01
7.763999999999999790e-01
7.833999999999999853e-01
7.845999999999999641e-01
7.873999999999999888e-01
7.832000000000000073e-01
7.875999999999999668e-01
7.810000000000000275e-01
7.852000000000000091e-01
7.795999999999999597e-01
7.865999999999999659e-01
7.912000000000000144e-01
7.858000000000000540e-01
7.963999999999999968e-01
7.868000000000000549e-01
7.828000000000000513e-01
7.873999999999999888e-01
7.858000000000000540e-01
7.788000000000000478e-01
7.897999999999999465e-01
7.671999999999999931e-01
7.848000000000000531e-01
7.780000000000000249e-01
7.763999999999999790e-01
7.953999999999999959e-01
7.915999999999999703e-01
7.945999999999999730e-01
7.885999999999999677e-01
7.812000000000000055e-01
7.887999999999999456e-01
7.780000000000000249e-01
7.975999999999999757e-01
7.935999999999999721e-01
7.952000000000000179e-01
7.887999999999999456e-01
7.793999999999999817e-01
7.922000000000000153e-01
7.962000000000000188e-01
7.790000000000000258e-01
7.893999999999999906e-01
7.838000000000000522e-01
7.812000000000000055e-01
7.905999999999999694e-01
7.887999999999999456e-01
7.872000000000000108e-01
7.852000000000000091e-01
7.872000000000000108e-01
7.828000000000000513e-01
7.905999999999999694e-01
7.868000000000000549e-01
7.848000000000000531e-01
7.783999999999999808e-01
7.913999999999999924e-01
7.858000000000000540e-01
7.890000000000000346e-01
7.862000000000000099e-01
7.782000000000000028e-01
7.715999999999999526e-01
7.762000000000000011e-01
7.838000000000000522e-01
7.883999999999999897e-01
7.833999999999999853e-01
7.808000000000000496e-01
7.882000000000000117e-01
7.865999999999999659e-01
7.828000000000000513e-01
7.782000000000000028e-01
7.907999999999999474e-01
7.863999999999999879e-01
7.860000000000000320e-01
7.823999999999999844e-01
7.932000000000000162e-01
7.855999999999999650e-01
7.877999999999999448e-01
7.962000000000000188e-01
7.825999999999999623e-01
7.758000000000000451e-01
7.920000000000000373e-01
7.765999999999999570e-01
7.812000000000000055e-01
7.897999999999999465e-01
7.823999999999999844e-01
7.892000000000000126e-01
7.803999999999999826e-01
7.917999999999999483e-01
7.845999999999999641e-01
7.887999999999999456e-01
7.842000000000000082e-01
7.805999999999999606e-01
7.711999999999999966e-01
7.863999999999999879e-01
7.782000000000000028e-01
7.752000000000000002e-01
7.825999999999999623e-01
7.855999999999999650e-01
7.790000000000000258e-01
7.887999999999999456e-01
7.892000000000000126e-01
7.870000000000000329e-01
7.808000000000000496e-01
7.795999999999999597e-01
7.818000000000000504e-01
7.913999999999999924e-01
7.892000000000000126e-01
7.838000000000000522e-01
7.852000000000000091e-01
7.913999999999999924e-01
7.895999999999999686e-01
7.828000000000000513e-01
7.892000000000000126e-01
7.932000000000000162e-01
7.965999999999999748e-01
7.845999999999999641e-01
7.818000000000000504e-01
7.873999999999999888e-01
7.823999999999999844e-01
7.845999999999999641e-01
7.815999999999999615e-01
7.735999999999999543e-01
7.848000000000000531e-01
