7.854623229731100276e-01
7.853392991088313790e-01
7.854337482196634967e-01
7.853903896752101321e-01
7.854913138284649321e-01
7.853972737247278957e-01
7.851980680953107861e-01
7.854951790283366542e-01
7.854336739838748693e-01
7.852545930327693435e-01
7.855642964980685816e-01
7.855041336796264595e-01
7.853567869224651332e-01
7.853352416741050668e-01
7.854560733652353743e-01
7.855912788477044106e-01
7.851998791665762978e-01
7.854252785098200240e-01
7.853517901435616011e-01
7.854172646886772302e-01
7.854476018925587999e-01
7.853887837455764132e-01
7.853843529509085819e-01
7.854191329859148141e-01
7.854292265880644663e-01
7.855778629409375657e-01
7.853315738871976537e-01
7.854686033288548197e-01
7.854146887205553096e-01
7.855478317298763002e-01
7.853711661889545281e-01
7.856466810406036450e-01
7.853458810143820745e-01
7.855093524095606572e-01
7.853851178420699908e-01
7.853822757971522517e-01
7.852934089971065346e-01
7.854623399693281272e-01
7.853850926280673272e-01
7.853198583926074283e-01
7.854245997901790899e-01
7.855124948294844867e-01
7.855951769155689046e-01
7.852143345845309375e-01
7.853230231421779450e-01
7.853369148819734358e-01
7.856037061893101914e-01
7.854238620637574719e-01
7.854531392330430517e-01
7.855265986241543041e-01
7.855400543080222064e-01
7.854018377456658540e-01
7.853565008265659397e-01
7.853968487764709794e-01
7.855243981825684729e-01
7.854325953415232098e-01
7.853696917506549635e-01
7.853967241057496773e-01
7.852820827170400309e-01
7.853814424742622258e-01
7.854823489002729087e-01
7.854645415648360274e-01
7.855239474979298642e-01
7.853915278737125805e-01
7.853016997320811932e-01
7.853848026907853663e-01
7.852472689116216653e-01
7.855268937753111524e-01
7.853884072067816025e-01
7.853855592886594961e-01
7.853077536323788133e-01
7.853419492093483001e-01
7.854359927655661933e-01
7.854813524876187447e-01
7.853346502992626377e-01
7.855125784346410622e-01
7.853830737343424628e-01
7.854067713497102643e-01
7.853475653715513705e-01
7.854474031241869270e-01
7.853994816452076755e-01
7.854818805817037619e-01
7.853274666313646568e-01
7.850796301886044937e-01
7.854182916726272223e-01
7.853880685049574595e-01
7.851778416411870909e-01
7.855034902049840007e-01
7.854706738611891836e-01
7.854285144239440131e-01
7.854141454649770093e-01
7.854644787434647002e-01
7.855127666019497967e-01
7.854814725265424347e-01
7.854965462916039254e-01
7.855082907801180792e-01
7.854650559937185195e-01
7.853861295497738260e-01
7.851773961347154884e-01
7.853618069097396681e-01
7.853010020901841637e-01
7.854415051453819130e-01
7.854474208203913177e-01
7.852843156287513393e-01
7.853563765205749947e-01
7.852943077221794521e-01
7.852810185380716401e-01
7.853943570521569884e-01
7.854532536513098018e-01
7.851694509719733261e-01
7.853535183306195044e-01
7.855536307656570960e-01
7.854079765571657656e-01
7.854184255072405030e-01
7.855313968797603685e-01
7.853907903889975062e-01
7.854386535815881532e-01
7.852349209262545759e-01
7.852095465841744115e-01
7.852972655564435245e-01
7.855405944605261537e-01
7.853433791596305946e-01
7.854654789213997290e-01
7.854250328806858805e-01
7.854234426456183638e-01
7.853646328145476030e-01
7.854024209406643697e-01
7.854583645211205001e-01
7.855001814542861283e-01
7.853963776396425400e-01
7.854139295239078722e-01
7.853530025886967803e-01
7.853517300684332847e-01
7.856290726454699946e-01
7.853326183028489504e-01
7.855978877270143323e-01
7.855166990436842633e-01
7.852407710640426641e-01
7.852072809480881155e-01
7.854263122508781114e-01
7.855040773153749711e-01
7.854185000493056901e-01
7.854817628654517936e-01
7.853847052056203148e-01
7.854985791019178931e-01
7.853449368431605349e-01
7.854769049830668814e-01
7.853858101752558829e-01
7.854712243951581518e-01
7.854554845788347395e-01
7.854154383438834985e-01
7.854362135626008490e-01
7.853881620132688868e-01
7.854319061349603892e-01
7.853615830886951921e-01
7.853904173840463576e-01
7.853455463315890395e-01
7.854875343959683009e-01
7.852291261201412853e-01
7.852302986746076963e-01
7.852845772989581752e-01
7.854029361115337782e-01
7.853346142515547079e-01
7.854918790843063992e-01
7.855319262119070389e-01
7.854198151932548777e-01
7.853428240990535381e-01
7.853292636832772677e-01
7.852199217091784256e-01
7.854201019096789249e-01
7.852846199544154526e-01
7.852956854854725721e-01
7.853303761438021890e-01
7.854494493846883030e-01
7.854225751255264898e-01
7.854930089030398577e-01
7.853533440444748770e-01
7.854855169197471065e-01
7.853602762199467513e-01
7.853284025006141977e-01
7.851949629469180403e-01
7.853980371912263614e-01
7.854660134097566360e-01
7.853312961369168788e-01
7.854341795384061076e-01
7.855567119373733087e-01
7.855434204044315916e-01
7.854764765378012825e-01
7.854510646365243653e-01
7.854168751552290662e-01
7.855746983304502384e-01
7.853739796725044409e-01
7.854439632707371777e-01
7.853398685043644356e-01
7.854128515161941104e-01
7.854987160077001596e-01
7.855593357585572978e-01
7.855639937076199786e-01
7.853475729038325026e-01
7.853017165507008013e-01
7.854186692112581358e-01
7.855518691629661543e-01
7.854774928470448225e-01
7.854700266179803769e-01
7.855420986554340068e-01
7.853265845309800319e-01
7.855554846556324078e-01
7.854820205949704093e-01
7.854472139933857955e-01
7.854544975733105394e-01
7.852071771595766636e-01
7.853266178625450955e-01
7.854246794597312675e-01
7.854172593957609028e-01
7.854319663300690646e-01
7.853448217503872231e-01
7.853398532784069408e-01
7.853164181794112242e-01
7.855435218172989176e-01
7.855025778333180053e-01
7.853608272129894985e-01
7.853615228708348273e-01
7.854824659147149335e-01
7.852705607279001354e-01
7.853982513690350720e-01
7.851988902818275440e-01
7.854670341635158204e-01
7.853736365140100428e-01
7.853739494347121708e-01
7.853339268410705065e-01
7.854465769206881998e-01
7.855746085285056912e-01
7.851070292802193595e-01
7.853342949610748747e-01
7.854455897415909549e-01
7.855230239210273524e-01
7.852471426119753684e-01
7.853414712309625401e-01
7.853157828000874030e-01
7.854487504280731613e-01
7.853567700679520147e-01
7.853288217663061399e-01
7.852346402525358648e-01
7.854741565606430109e-01
7.854095669840540639e-01
7.853074226031938609e-01
7.851965978599241280e-01
7.853346735424010516e-01
7.854363799789247924e-01
7.855012636990691410e-01
7.853953904776811434e-01
7.854736034149156776e-01
7.855429829406053166e-01
7.854510425869449808e-01
7.854478896563508172e-01
7.853336984952536959e-01
7.853166592607554453e-01
7.854165673308880491e-01
7.855251738152861929e-01
7.853947026947305510e-01
7.855641356228482142e-01
7.852515001673625594e-01
7.853392370307283876e-01
7.854583175816655105e-01
7.853579661551942648e-01
7.854206043441326335e-01
7.854773857616763610e-01
7.853109089443425228e-01
7.854896648262519321e-01
7.855573047940441755e-01
7.853839029923839199e-01
7.855078627749600972e-01
7.854291315906943849e-01
7.855279542291063732e-01
7.852873179050166019e-01
7.853728500601958595e-01
7.853966556707805413e-01
7.853714703442931100e-01
7.854396854311265219e-01
7.853944232080317667e-01
7.855205988521941629e-01
7.854412133647289407e-01
7.853773180375450691e-01
7.854287275043434491e-01
7.856641499031612463e-01
7.853283150650698374e-01
7.852909211640013432e-01
7.854804680077096535e-01
7.853689917342348004e-01
7.854564588286940818e-01
7.854968724276326641e-01
7.853616010525736879e-01
7.854522826804601898e-01
7.854037393806718725e-01
7.852668498130171981e-01
7.853551674142053018e-01
7.853813644100636759e-01
7.853389073744413418e-01
7.852842330195997089e-01
7.852267421506489153e-01
7.854136126048417710e-01
7.853474130956269450e-01
7.852967097205648672e-01
7.854428350691514682e-01
7.854342733578959512e-01
7.853581976948522669e-01
7.854097868628476808e-01
7.854769049108645262e-01
7.853127629505793905e-01
7.854344668856191314e-01
7.853711999590033965e-01
7.854264185311605750e-01
7.854185850232585642e-01
7.854465620265530523e-01
7.853915130217061780e-01
7.855010657014265263e-01
7.852761058910777692e-01
7.853331366285003501e-01
7.854895389786511473e-01
7.854514123589757535e-01
7.854708112055783786e-01
7.852962328354975430e-01
7.853139695656211616e-01
7.852307010999487469e-01
7.854074494165657061e-01
7.853529077582349638e-01
7.852772661980976787e-01
7.853416719978363325e-01
7.852474110434918275e-01
7.855279110489863381e-01
7.853346215998255886e-01
7.853856403547280207e-01
7.852856500016558439e-01
7.852938217121187003e-01
7.853141745569720555e-01
7.853862617537609170e-01
7.854295740035298623e-01
7.854203456368035186e-01
7.853015493316650719e-01
7.852555988048423030e-01
7.855233685791825904e-01
7.853490546398322891e-01
7.854914826063941202e-01
7.854231943384892833e-01
7.855046974130952542e-01
7.853030520638852874e-01
7.853571406204964411e-01
7.854341711607697452e-01
7.853317216437647463e-01
7.853036348311147608e-01
7.854014856824791391e-01
7.854730780540307711e-01
7.854183360851442197e-01
7.854956510319400786e-01
7.854396414650738345e-01
7.853126063084494568e-01
7.854009856610371099e-01
7.854790770770970765e-01
7.853398170920030674e-01
7.854709554869474530e-01
7.854443857585897693e-01
7.854557349803686916e-01
7.854792823534447743e-01
7.853024735826015235e-01
7.853482527538661051e-01
7.851923610210961302e-01
7.854871896135874332e-01
7.854660196447332821e-01
7.853778947571020685e-01
7.854109246035091418e-01
7.851540923681969986e-01
7.854754063383907470e-01
7.854118359100492608e-01
7.852606675245875634e-01
7.853187736715240286e-01
7.853961288757590475e-01
7.854133139668229013e-01
7.854881245833126302e-01
7.852782701868920023e-01
7.853588857474023133e-01
7.854344974292030157e-01
7.854124986310999645e-01
7.855778472423771142e-01
7.853511858634069087e-01
7.854962017808208019e-01
7.853525603478913597e-01
7.854573518984913072e-01
7.853116424642261340e-01
7.854204531205112305e-01
7.852871187135098685e-01
7.852356312780923719e-01
7.853684201630714012e-01
7.852912348200166148e-01
7.854035076201399956e-01
7.854333909724349194e-01
7.852956290249394344e-01
7.853305103693482003e-01
7.853172119412573648e-01
7.853966112711616709e-01
7.852934178469909154e-01
7.854244597056067034e-01
7.854829700116678914e-01
7.854298526619992726e-01
7.855411542865200492e-01
7.854278572660482460e-01
7.853353388909819488e-01
7.855354444855203733e-01
7.854349671057495597e-01
7.853915570248132250e-01
7.852476576545205367e-01
7.853842460701018213e-01
7.855376229094622742e-01
7.854457793416304012e-01
7.854821767638905383e-01
7.853266646635357340e-01
7.853787083332630647e-01
7.853697783184124814e-01
7.854680944840435330e-01
7.854380457444667396e-01
7.854035368152264551e-01
7.854178662028585833e-01
7.856860343276778069e-01
7.853973739937770704e-01
7.852489644295660431e-01
7.854359252728909668e-01
7.854318582601474974e-01
7.855522433066908228e-01
7.853973165467702522e-01
7.853491522844827655e-01
7.853750778943249244e-01
7.852871515703375715e-01
7.853072471887152517e-01
7.852611837085481383e-01
7.853336044783094660e-01
7.855219906965280607e-01
7.854241883844077510e-01
7.853800438852369670e-01
7.854759417784363817e-01
7.854100083610487948e-01
7.853944563825225877e-01
7.854451276389279313e-01
7.853846881191962614e-01
7.854877391916131879e-01
7.855509533279787515e-01
7.853611434833893679e-01
7.853673087678887388e-01
7.852627292906880774e-01
7.853157621101256591e-01
7.854867982336741772e-01
7.854204369534497632e-01
7.854066031465075648e-01
7.854999461238422187e-01
7.853878841885825191e-01
7.854626758757142779e-01
7.853581406064875647e-01
7.853801108719854485e-01
7.852783277474701951e-01
7.854016453588530400e-01
7.853683226335296252e-01
7.853319550784890746e-01
7.853442113222204313e-01
7.855906809115091871e-01
7.855940849904292644e-01
7.854941301077313920e-01
7.854025212818689372e-01
7.851990673662430087e-01
7.854110237030682562e-01
7.855422785072272429e-01
7.855185910696030893e-01
7.855115736053628339e-01
7.854212670414072450e-01
7.853526492105554757e-01
7.853838754348655415e-01
7.854381303813403603e-01
7.854735002716177750e-01
7.853305480791757942e-01
7.853007503094192598e-01
7.855126342857370325e-01
7.853502646042633817e-01
7.855617248967152744e-01
7.855630326979529121e-01
7.856582114237788961e-01
7.855278397935733237e-01
7.853538159616793024e-01
7.855100991614383243e-01
7.855176552589659966e-01
7.852898710715472408e-01
7.854019694853270339e-01
7.852988278828976210e-01
7.854821345301400415e-01
7.854152180440971964e-01
7.854552645826909929e-01
7.854978393796112623e-01
7.852765063654890687e-01
7.854591529227266111e-01
7.852327503835759837e-01
7.855594843220237156e-01
7.853490207699170833e-01
7.856089743520063839e-01
7.852719437424646731e-01
