7.853974000000000233e-01
7.853868000000000515e-01
7.854333999999999483e-01
7.856642000000000348e-01
7.853708000000000355e-01
7.850359999999999561e-01
7.852063999999999711e-01
7.852217999999999698e-01
7.852827999999999475e-01
7.856075999999999615e-01
7.853704000000000240e-01
7.855360000000000120e-01
7.856577999999999617e-01
7.853447999999999540e-01
7.852320000000000411e-01
7.854020000000000445e-01
7.855687999999999560e-01
7.855505999999999878e-01
7.854856000000000060e-01
7.854687999999999670e-01
7.850861999999999563e-01
7.854512000000000160e-01
7.852219999999999756e-01
7.855503999999999820e-01
7.852430000000000243e-01
7.850156000000000356e-01
7.851000000000000201e-01
7.852521999999999558e-01
7.854797999999999503e-01
7.855644000000000515e-01
7.855729999999999658e-01
7.854771999999999865e-01
7.853790000000000493e-01
7.854033999999999738e-01
7.853970000000000118e-01
7.854383999999999810e-01
7.855412000000000505e-01
7.853168000000000371e-01
7.853018000000000498e-01
7.851565999999999823e-01
7.853771999999999975e-01
7.856322000000000028e-01
7.856016000000000110e-01
7.855075999999999725e-01
7.854151999999999800e-01
7.854337999999999598e-01
7.857522000000000117e-01
7.856800000000000450e-01
7.856201999999999908e-01
7.852483999999999575e-01
7.856229999999999603e-01
7.855071999999999610e-01
7.857406000000000112e-01
7.854704000000000130e-01
7.853704000000000240e-01
7.853769999999999918e-01
7.853946000000000538e-01
7.855621999999999883e-01
7.855864000000000180e-01
7.854567999999999550e-01
7.857657999999999587e-01
7.854362000000000288e-01
7.851808000000000121e-01
7.856397999999999993e-01
7.852573999999999943e-01
7.854356000000000115e-01
7.851917999999999953e-01
7.852595999999999465e-01
7.853103999999999640e-01
7.850038000000000293e-01
7.852236000000000216e-01
7.853109999999999813e-01
7.853191999999999950e-01
7.855022000000000393e-01
7.853944000000000480e-01
7.854320000000000190e-01
7.852759999999999740e-01
7.854813999999999963e-01
7.854280000000000150e-01
7.856237999999999833e-01
7.855843999999999605e-01
7.852493999999999863e-01
7.854554000000000258e-01
7.855547999999999975e-01
7.855490000000000528e-01
7.855024000000000450e-01
7.852917999999999843e-01
7.853544000000000080e-01
7.853748000000000395e-01
7.855588000000000015e-01
7.853466000000000058e-01
7.853421999999999903e-01
7.853687999999999780e-01
7.851759999999999851e-01
7.853151999999999910e-01
7.853993999999999698e-01
7.853765999999999803e-01
7.853497999999999868e-01
7.855081999999999898e-01
7.855313999999999908e-01
7.854525999999999453e-01
7.853510000000000213e-01
7.854565999999999493e-01
7.852736000000000161e-01
7.853575999999999890e-01
7.851829999999999643e-01
7.856503999999999710e-01
7.856121999999999828e-01
7.850445999999999813e-01
7.853293999999999553e-01
7.851941999999999533e-01
7.853615999999999930e-01
7.853698000000000068e-01
7.854257999999999518e-01
7.852459999999999996e-01
7.853411999999999615e-01
7.853668000000000315e-01
7.853866000000000458e-01
7.854854000000000003e-01
7.853930000000000078e-01
7.851350000000000273e-01
7.855900000000000105e-01
7.855208000000000190e-01
7.857904000000000000e-01
7.851086000000000453e-01
7.854157999999999973e-01
7.856077999999999673e-01
7.852443999999999535e-01
7.854558000000000373e-01
7.852082000000000228e-01
7.856815999999999800e-01
7.851432000000000411e-01
7.854754000000000458e-01
7.852666000000000368e-01
7.854795999999999445e-01
7.856246000000000063e-01
7.858775999999999540e-01
7.854982000000000353e-01
7.855560000000000320e-01
7.853582000000000063e-01
7.854132000000000335e-01
7.853354000000000168e-01
7.854548000000000085e-01
7.854795999999999445e-01
7.855583999999999900e-01
7.855299999999999505e-01
7.855387999999999815e-01
7.853605999999999643e-01
7.854731999999999825e-01
7.856486000000000303e-01
7.854691999999999785e-01
7.854875999999999525e-01
7.855539999999999745e-01
7.855720000000000480e-01
7.854754000000000458e-01
7.854723999999999595e-01
7.854558000000000373e-01
7.853698000000000068e-01
7.853153999999999968e-01
7.854489999999999528e-01
7.851422000000000123e-01
7.853234000000000048e-01
7.850698000000000398e-01
7.852862000000000453e-01
7.855817999999999968e-01
7.852864000000000511e-01
7.853729999999999878e-01
7.855452000000000545e-01
7.852698000000000178e-01
7.853483999999999465e-01
7.857003999999999655e-01
7.853698000000000068e-01
7.854039999999999910e-01
7.852643999999999735e-01
7.851181999999999883e-01
7.854071999999999720e-01
7.852858000000000338e-01
7.852670000000000483e-01
7.854010000000000158e-01
7.853946000000000538e-01
7.854328000000000420e-01
7.853177999999999548e-01
7.854887999999999870e-01
7.853647999999999740e-01
7.850327999999999751e-01
7.852548000000000306e-01
7.855790000000000273e-01
7.854149999999999743e-01
7.852441999999999478e-01
7.853883999999999865e-01
7.853021999999999503e-01
7.854560000000000430e-01
7.856526000000000343e-01
7.852046000000000303e-01
7.856442000000000148e-01
7.852710000000000523e-01
7.854908000000000445e-01
7.853402000000000438e-01
7.859327999999999870e-01
7.855014000000000163e-01
7.854128000000000220e-01
7.853812000000000015e-01
7.853428000000000075e-01
7.850814000000000403e-01
7.850960000000000161e-01
7.850975999999999511e-01
7.851766000000000023e-01
7.853630000000000333e-01
7.855604000000000475e-01
7.856448000000000320e-01
7.855259999999999465e-01
7.854280000000000150e-01
7.855429999999999913e-01
7.855229999999999713e-01
7.853004000000000095e-01
7.853634000000000448e-01
7.850742000000000553e-01
7.855463999999999780e-01
7.853636000000000505e-01
7.851375999999999911e-01
7.853801999999999728e-01
7.853413999999999673e-01
7.855425999999999798e-01
7.852727999999999930e-01
7.854082000000000008e-01
7.854668000000000205e-01
7.852951999999999710e-01
7.856509999999999883e-01
7.853944000000000480e-01
7.852687999999999890e-01
7.853535999999999850e-01
7.855657999999999808e-01
7.855577999999999728e-01
7.855003999999999875e-01
7.856427999999999745e-01
7.851837999999999873e-01
7.852533999999999903e-01
7.852837999999999763e-01
7.856613999999999542e-01
7.853476000000000345e-01
7.851976000000000511e-01
7.854632000000000280e-01
7.855670000000000153e-01
7.853056000000000481e-01
7.854058000000000428e-01
7.853474000000000288e-01
7.853995999999999755e-01
7.852316000000000296e-01
7.850981999999999683e-01
7.853617999999999988e-01
7.852478000000000513e-01
7.855322000000000138e-01
7.854518000000000333e-01
7.851268000000000136e-01
7.855320000000000080e-01
7.853111999999999870e-01
7.853324000000000416e-01
7.855309999999999793e-01
7.850886000000000253e-01
7.855868000000000295e-01
7.854491999999999585e-01
7.855838000000000543e-01
7.852571999999999885e-01
7.856146000000000518e-01
7.852597999999999523e-01
7.851422000000000123e-01
7.852455999999999881e-01
7.850584000000000451e-01
7.855592000000000130e-01
7.853352000000000110e-01
7.854419999999999735e-01
7.856083999999999845e-01
7.856554000000000038e-01
7.851894000000000373e-01
7.854754000000000458e-01
7.854238000000000053e-01
7.854837999999999543e-01
7.852588000000000346e-01
7.854820000000000135e-01
7.852093999999999463e-01
7.855832000000000370e-01
7.849979999999999736e-01
7.856556000000000095e-01
7.853841999999999768e-01
7.855322000000000138e-01
7.851696000000000231e-01
7.853731999999999935e-01
7.853626000000000218e-01
7.854579999999999895e-01
7.854919999999999680e-01
7.856108000000000535e-01
7.853856000000000170e-01
7.852019999999999555e-01
7.852422000000000013e-01
7.853717999999999533e-01
7.850658000000000358e-01
7.854596000000000355e-01
7.854006000000000043e-01
7.854208000000000300e-01
7.856845999999999552e-01
7.852154000000000078e-01
7.855883999999999645e-01
7.853432000000000190e-01
7.851354000000000388e-01
7.854406000000000443e-01
7.852008000000000321e-01
7.850506000000000428e-01
7.853788000000000435e-01
7.854090000000000238e-01
7.855107999999999535e-01
7.852196000000000176e-01
7.852845999999999993e-01
7.852869999999999573e-01
7.853801999999999728e-01
7.854250000000000398e-01
7.857030000000000403e-01
7.851934000000000413e-01
7.851253999999999733e-01
7.855638000000000343e-01
7.853843999999999825e-01
7.853577999999999948e-01
7.854052000000000255e-01
7.854229999999999823e-01
7.854101999999999473e-01
7.851540000000000186e-01
7.852820000000000356e-01
7.858068000000000275e-01
7.854455999999999660e-01
7.857125999999999832e-01
7.853830000000000533e-01
7.852557999999999483e-01
7.852284000000000486e-01
7.850403999999999716e-01
7.854539999999999855e-01
7.852658000000000138e-01
7.852632000000000501e-01
7.852698000000000178e-01
7.853558000000000483e-01
7.855029999999999513e-01
7.855375999999999470e-01
7.851377999999999968e-01
7.852822000000000413e-01
7.854596000000000355e-01
7.857051999999999925e-01
7.855073999999999668e-01
7.854031999999999680e-01
7.853588000000000235e-01
7.854442000000000368e-01
7.852559999999999540e-01
7.853871999999999520e-01
7.855600000000000360e-01
7.855303999999999620e-01
7.852845999999999993e-01
7.855893999999999933e-01
7.854569999999999608e-01
7.852871999999999630e-01
7.853869999999999463e-01
7.852141999999999733e-01
7.853231999999999990e-01
7.854269999999999863e-01
7.852438000000000473e-01
7.853556000000000425e-01
7.854003999999999985e-01
7.856136000000000230e-01
7.851538000000000128e-01
7.856476000000000015e-01
7.852209999999999468e-01
7.856562000000000268e-01
7.855876000000000525e-01
7.856649999999999467e-01
7.855220000000000535e-01
7.852213999999999583e-01
7.852865999999999458e-01
7.856037999999999633e-01
7.854792000000000440e-01
7.856921999999999517e-01
7.849722000000000088e-01
7.855687999999999560e-01
7.853854000000000113e-01
7.855412000000000505e-01
7.852362000000000508e-01
7.855682000000000498e-01
7.850842000000000098e-01
7.852894000000000263e-01
7.853048000000000251e-01
7.856851999999999725e-01
7.851542000000000243e-01
7.853521999999999448e-01
7.851496000000000031e-01
7.857083999999999735e-01
7.852221999999999813e-01
7.851314000000000348e-01
7.854438000000000253e-01
7.855971999999999955e-01
7.855552000000000090e-01
7.850354000000000498e-01
7.854151999999999800e-01
7.853061999999999543e-01
7.856416000000000510e-01
7.851521999999999668e-01
7.853894000000000153e-01
7.855495999999999590e-01
7.856279999999999930e-01
7.853320000000000300e-01
7.852192000000000061e-01
7.854073999999999778e-01
7.855893999999999933e-01
7.856501999999999653e-01
7.855952000000000490e-01
7.851721999999999868e-01
7.857051999999999925e-01
7.855448000000000430e-01
7.854451999999999545e-01
7.853822000000000303e-01
7.855189999999999673e-01
7.856547999999999865e-01
7.852090000000000458e-01
7.855900000000000105e-01
7.854780000000000095e-01
7.853107999999999755e-01
7.854967999999999950e-01
7.854877999999999583e-01
7.853721999999999648e-01
7.857332000000000205e-01
7.852206000000000463e-01
7.853118000000000043e-01
7.855050000000000088e-01
7.851926000000000183e-01
7.854271999999999920e-01
7.857587999999999795e-01
7.853955999999999715e-01
7.853417999999999788e-01
7.854529999999999568e-01
7.853744000000000280e-01
7.856868000000000185e-01
7.854440000000000310e-01
7.855356000000000005e-01
7.855064000000000490e-01
7.857547999999999755e-01
7.854151999999999800e-01
7.851101999999999803e-01
7.852668000000000426e-01
7.854626000000000108e-01
7.851745999999999448e-01
7.857110000000000483e-01
7.854349999999999943e-01
7.854440000000000310e-01
7.855742000000000003e-01
7.855644000000000515e-01
7.854670000000000263e-01
7.853033999999999848e-01
7.848619999999999486e-01
7.853647999999999740e-01
7.854797999999999503e-01
7.856254000000000293e-01
7.857340000000000435e-01
7.857243999999999895e-01
7.856090000000000018e-01
7.855064000000000490e-01
7.850764000000000076e-01
7.853213999999999473e-01
7.854221999999999593e-01
7.853099999999999525e-01
7.859369999999999967e-01
7.853158000000000083e-01
7.850837999999999983e-01
7.854069999999999663e-01
7.853059999999999485e-01
7.857269999999999532e-01
7.850430000000000463e-01
7.852854000000000223e-01
7.853364000000000456e-01
7.855708000000000135e-01
7.852569999999999828e-01
7.853101999999999583e-01
7.856412000000000395e-01
7.852177999999999658e-01
7.854786000000000268e-01
7.854446000000000483e-01
7.853869999999999463e-01
7.856760000000000410e-01
7.855535999999999630e-01
7.855149999999999633e-01
7.853134000000000503e-01
7.855098000000000358e-01
7.852744000000000391e-01
7.852093999999999463e-01
7.855889999999999818e-01
7.857707999999999915e-01
7.856092000000000075e-01
7.853546000000000138e-01
7.855543999999999860e-01
7.851059999999999706e-01
7.855742000000000003e-01
7.853601999999999528e-01
7.852375999999999800e-01
7.853947999999999485e-01
7.851302000000000003e-01
7.856718000000000313e-01
7.854541999999999913e-01
