7.855794850191399892e-01
7.856591118856233180e-01
7.879528415492624838e-01
7.802218395609422652e-01
7.915965911270524957e-01
7.882917011900523185e-01
7.824748663060400178e-01
7.817394074842561880e-01
7.871717130351922886e-01
7.839504344093880528e-01
7.896537273830083192e-01
7.861487757984395586e-01
7.840469219132288892e-01
7.867942434134524987e-01
7.810009466578696768e-01
7.863006874945760449e-01
7.846233479178670311e-01
7.808112912776999925e-01
7.905351153796413843e-01
7.840117194227559372e-01
7.800822074670575867e-01
7.815902835315028385e-01
7.885822342896287029e-01
7.846883192647811089e-01
7.845044994012022599e-01
7.831310651946093992e-01
7.841773763041308687e-01
7.874281459741893086e-01
7.829423160298567552e-01
7.811813283720147050e-01
7.926270022898509460e-01
7.878061831523169856e-01
7.893887966496123676e-01
7.866716363184427241e-01
7.911767474574588066e-01
7.866540015850660428e-01
7.866178654751795341e-01
7.931298465828503508e-01
7.800954599747785823e-01
7.815720999030605354e-01
7.834060976406933552e-01
7.882265631399500982e-01
7.805539361868504278e-01
7.832279799798863573e-01
7.899309835269957558e-01
7.846668004694389298e-01
7.798110371627365867e-01
7.923353921416109724e-01
7.874134872921767503e-01
7.851719146061519883e-01
7.850310534722219069e-01
7.925520927168933083e-01
7.819661291472677078e-01
7.832283999332269042e-01
7.858758891539350255e-01
7.823329986766213162e-01
7.886174920148237844e-01
7.867349303922966941e-01
7.856006962163079033e-01
7.798204612681408632e-01
7.840375360397014992e-01
7.898406440178467047e-01
7.888612400769504651e-01
7.854192462408201569e-01
7.819225401100826645e-01
7.923106734978871968e-01
7.837521347504842195e-01
7.901773954018687096e-01
7.819063674188476698e-01
7.821042540953522249e-01
7.832262813374364363e-01
7.919045240013274922e-01
7.826846351880454300e-01
7.805534930261684989e-01
7.874041750650244698e-01
7.875870866693734929e-01
7.941802678718195008e-01
7.854844349099874279e-01
7.874191097564875452e-01
7.852208034406643611e-01
7.876198049296333492e-01
7.838463686226112559e-01
7.833867126712686924e-01
7.893506263028436942e-01
7.865344236321579752e-01
7.846585419093596858e-01
7.849009650359617396e-01
7.891459640959678223e-01
7.859452785698509691e-01
7.805216416688059988e-01
7.923136979264312485e-01
7.864722750091202030e-01
7.811642664200958430e-01
7.847291679736683179e-01
7.877351599345007171e-01
7.880999294754587048e-01
7.806088723007170715e-01
7.864510985430479550e-01
7.899352518341619112e-01
7.856243010608441324e-01
7.847940896482002993e-01
7.868872805205457954e-01
7.854453658028182073e-01
7.789802358229803714e-01
7.861957891970733359e-01
7.886212298225652173e-01
7.848107745098382715e-01
7.852480384720187390e-01
7.851188910933754039e-01
7.843402693246253055e-01
7.835461670296463010e-01
7.887017188982019533e-01
7.843257004623718220e-01
7.795955745885767563e-01
7.908605982247624011e-01
7.861894979879155976e-01
7.844247300164621794e-01
7.857061360271770933e-01
7.863602549743656800e-01
7.915379090690582986e-01
7.855236197577243340e-01
7.834301008419156664e-01
7.857269003854818745e-01
7.839477695100115495e-01
7.801650080481138394e-01
7.855034748808400469e-01
7.842196019215464942e-01
7.922058161554239586e-01
7.826635156090655521e-01
7.839313563162698673e-01
7.903161136233143313e-01
7.860828241060191512e-01
7.829769137237424514e-01
7.850619199912971524e-01
7.782729837028665720e-01
7.846523315505059548e-01
7.783179863397272635e-01
7.864072249305523732e-01
7.860969843559196812e-01
7.880432358593122411e-01
7.832826891220223686e-01
7.872821391563999960e-01
7.858708588329190725e-01
7.878902205272506620e-01
7.841471660566233792e-01
7.863909354705432841e-01
7.819673667767349512e-01
7.868317902208121772e-01
7.815083382653433830e-01
7.868887601569644064e-01
7.864604254210975087e-01
7.865124110046707306e-01
7.949413557714182232e-01
7.831190188492570536e-01
7.802722076179640087e-01
7.832393608042582667e-01
7.907111626286766892e-01
7.812172949610867168e-01
7.815436907047729198e-01
7.834262348398036702e-01
7.772929028026012155e-01
7.866091290141675740e-01
7.849038432589993119e-01
7.890226229765221477e-01
7.870595087002684176e-01
7.917244948446301445e-01
7.841734797434513071e-01
7.822843660219596096e-01
7.793173759669423939e-01
7.866700464313134411e-01
7.843252577463014630e-01
7.815710449807695692e-01
7.854445250160095870e-01
7.858420809839968824e-01
7.842762849934962199e-01
7.875164714059333937e-01
7.879100060113602977e-01
7.894071394934819574e-01
7.821215939077765800e-01
7.827071949816194474e-01
7.827826598629028521e-01
7.817715830736424731e-01
7.874895948080354868e-01
7.852150585328266930e-01
7.858275864735213556e-01
7.892575853305577871e-01
7.861398528950375164e-01
7.883596621282047412e-01
7.800652497351135972e-01
7.831240651613239345e-01
7.860288622103012157e-01
7.800200912879602377e-01
7.871178809038348323e-01
7.876496917768665007e-01
7.840769928472514083e-01
7.860375749022990854e-01
7.843518256850068315e-01
7.891405101461873572e-01
7.854952226557679884e-01
7.868446618470359422e-01
7.841416704374951641e-01
7.945246331478468260e-01
7.831578708264936850e-01
7.773977872305394277e-01
7.918584277104555591e-01
7.889224821007558841e-01
7.815072153547953926e-01
7.835090793472861970e-01
7.875701099854258702e-01
7.847084533899237879e-01
7.846954825929511879e-01
7.846584267781023803e-01
7.809850742399071510e-01
7.880860009078032302e-01
7.853794841996586396e-01
7.855803629191011606e-01
7.887260027658743455e-01
7.848994710577371636e-01
7.849133421245056974e-01
7.822946967979496069e-01
7.875401080082692351e-01
7.827079361061467511e-01
7.873394833023888983e-01
7.864113725884659400e-01
7.841565523407146854e-01
7.874099011278313798e-01
7.847025283366313442e-01
7.847642458778942842e-01
7.881897660278843754e-01
7.794701388756444249e-01
7.899231534629523876e-01
7.891838222210442177e-01
7.792651626055405734e-01
7.876115350011390071e-01
7.811636170933444756e-01
7.787934343765128276e-01
7.818171810363018226e-01
7.850789876985905247e-01
7.846059489881573867e-01
7.902547326171499575e-01
7.904430410569628362e-01
7.800399428327671192e-01
7.819841365795030530e-01
7.842695780167876496e-01
7.873112398286169489e-01
7.883186655886096350e-01
7.818100327800053817e-01
7.874732903073049517e-01
7.830881861770357943e-01
7.852812941309490480e-01
7.861004292029784013e-01
7.871802371069248627e-01
7.871428261524692216e-01
7.844322748547080115e-01
7.854315257814327156e-01
7.792942631066805959e-01
7.877344127840996135e-01
7.815259474466096368e-01
7.805165238878490896e-01
7.902775897274439965e-01
7.840494848216055246e-01
7.848992065905052717e-01
7.835385258380168638e-01
7.794435272489340649e-01
7.811160980504516793e-01
7.854306333669197615e-01
7.883713039833534220e-01
7.825146074309644595e-01
7.839618416011706614e-01
7.877663735861419880e-01
7.873984682429474580e-01
7.890732305625355325e-01
7.861379895987226085e-01
7.859342449228418070e-01
7.829228799849085041e-01
7.906136215031875913e-01
7.790232647613575256e-01
7.806943965205058733e-01
7.892403942151710039e-01
7.837258138300344790e-01
7.848207087943468441e-01
7.821412533982246007e-01
7.824658384870400996e-01
7.900282259701252308e-01
7.875010556900929881e-01
7.836303914295288386e-01
7.865090108472332364e-01
7.884423535666896798e-01
7.885678806485204584e-01
7.825744308855538955e-01
7.866666696415545168e-01
7.834066483119346280e-01
7.895627384175449848e-01
7.843000094020435853e-01
7.843702906783942552e-01
7.907537613062742832e-01
7.812171500705249461e-01
7.879097233708702852e-01
7.888799099353608346e-01
7.807286145684710910e-01
7.873714794040282960e-01
7.825836171123760066e-01
7.818253370395993329e-01
7.882082020159612012e-01
7.894062852849852430e-01
7.869033385062030872e-01
7.860231454915646010e-01
7.861753501322377158e-01
7.897273363046859451e-01
7.855931450784314762e-01
7.845419207724131372e-01
7.897560993091629067e-01
7.821575638361676353e-01
7.884938775634831032e-01
7.839651395767377462e-01
7.876693861945164299e-01
7.875315114419545459e-01
7.822682543029608748e-01
7.890222691540753619e-01
7.833831757768153770e-01
7.889701699448919969e-01
7.875092627525377420e-01
7.826231248249653216e-01
7.842520655100606586e-01
7.879346066026809980e-01
7.893231939452499679e-01
7.840374752074150688e-01
7.859823690704199617e-01
7.820016481871088221e-01
7.882881936862370376e-01
7.872986654406084472e-01
7.849733819484104869e-01
7.914056785964450613e-01
7.848299501832530778e-01
7.807072776365361344e-01
7.835036342446475288e-01
7.878872926534596921e-01
7.815971681819893213e-01
7.866922282076109774e-01
7.922573185706103249e-01
7.863009036334820401e-01
7.846219012074681087e-01
7.871703036274665388e-01
7.855864865145948395e-01
7.784870031556714309e-01
7.775329639486959765e-01
7.830994131762539778e-01
7.844217767657671869e-01
7.829619517328801903e-01
7.830645323888204556e-01
7.856263492936179649e-01
7.834595517904987538e-01
7.870736726573538400e-01
7.915606847366991605e-01
7.868727686836780588e-01
7.811465781636637296e-01
7.790653568355468961e-01
7.924316131808462060e-01
7.828964182104756198e-01
7.911145249746776020e-01
7.839938259033134571e-01
7.863393253302913832e-01
7.815820250674662129e-01
7.911134346596427891e-01
7.890140638693708963e-01
7.875112337647652838e-01
7.856991400736564879e-01
7.907974042537884163e-01
7.831315977746259316e-01
7.902206213371039123e-01
7.837647968543280941e-01
7.865960033920218475e-01
7.823433239316278653e-01
7.820695835405343521e-01
7.784954930211714919e-01
7.815497157734926370e-01
7.791533548623958971e-01
7.861154624555598547e-01
7.862481722637897352e-01
7.804725300763940554e-01
7.849174234532946270e-01
7.867579512484699222e-01
7.848373750128877502e-01
7.870558513575038884e-01
7.874453800147456217e-01
7.894809410095863234e-01
7.847644496338707087e-01
7.827770410250731725e-01
7.855096786080852933e-01
7.847130691564223604e-01
7.859894504192073139e-01
7.848300944869613938e-01
7.831422331759455568e-01
7.837328248379017426e-01
7.880554019352810080e-01
7.831575393063141544e-01
7.875152691138491701e-01
7.841766541734391804e-01
7.882726874074429402e-01
7.827211290600897264e-01
7.856496517986454320e-01
7.879501140928830694e-01
7.823743033243872880e-01
7.869878885112467914e-01
7.877370638279690418e-01
7.862420437063846190e-01
7.807144522282430943e-01
7.848426660794204368e-01
7.837551551836176023e-01
7.865125585288890164e-01
7.856570638743509694e-01
7.810441227789062246e-01
7.844709392835427231e-01
7.843114339138852475e-01
7.832136115065490012e-01
7.853021278700309526e-01
7.862168028845457624e-01
7.883517419304807428e-01
7.880533348788052450e-01
7.890279918303423345e-01
7.796163697285197758e-01
7.853584268940650981e-01
7.894971943643032120e-01
7.859321002772117204e-01
7.862107091304685325e-01
7.861398031953924503e-01
7.878111704596585385e-01
7.804338537084029026e-01
7.829823590252035226e-01
7.863505353203651405e-01
7.875230114912863399e-01
7.858388649806141713e-01
7.922299383041644383e-01
7.877951937947927918e-01
7.897186362287417216e-01
7.819645993200702305e-01
7.845140135192557596e-01
7.848029029478716945e-01
7.819086243721841134e-01
7.875903511691734193e-01
7.857073355937486125e-01
7.817164939352894137e-01
7.843064952327997164e-01
7.907443136338737633e-01
7.802428103737165666e-01
7.823390576649400519e-01
7.866181998242562923e-01
7.891551790309022651e-01
7.851112137365039434e-01
7.869384664766265747e-01
7.844661539960261498e-01
7.862662927034316240e-01
7.844800168270714691e-01
7.892552800258023638e-01
7.844825589156444456e-01
7.844479765707282892e-01
7.854337085848628330e-01
7.891766596549295576e-01
7.805960187402095629e-01
7.856239337734230999e-01
7.822736155476234243e-01
7.771743236248115361e-01
7.865008056099015432e-01
7.883571253039475257e-01
7.867499935272890266e-01
7.831043006683304775e-01
7.883521211304489462e-01
7.866897339719527427e-01
7.810293677085899944e-01
7.820542538427235346e-01
7.867482196014511375e-01
7.832102712852263560e-01
7.784662218892632879e-01
7.826257389504058803e-01
7.893482630868875471e-01
7.867628772662417225e-01
7.893616639812013336e-01
7.920125600336022087e-01
7.883539294000864173e-01
7.863548020460039423e-01
7.820553999741245432e-01
7.884774004871540898e-01
7.857052322770714525e-01
7.805789618052516587e-01
7.884685881727111489e-01
7.826463668174306054e-01
7.835179277009770571e-01
7.847832791324479418e-01
7.820345507014982989e-01
7.840728527195580666e-01
7.831442287940866276e-01
7.844925018486715862e-01
7.849416579306056629e-01
7.807375653723763742e-01
7.858296598857388293e-01
7.865115133623005184e-01
7.871659295779540599e-01
7.891397969484771346e-01
7.830401207312971401e-01
7.850243286174327650e-01
