7.851548107690601297e-01
7.865586677422929940e-01
7.864787870644225354e-01
7.846344547913689516e-01
7.853577853746240844e-01
7.837611446738432797e-01
7.838803565821488295e-01
7.858070564000494418e-01
7.843755152108505824e-01
7.853074550201065707e-01
7.857085095333268265e-01
7.849061266095549438e-01
7.856713446034753190e-01
7.851803351453153779e-01
7.857396243752839959e-01
7.860174751073742971e-01
7.844844778410617891e-01
7.867703421765824823e-01
7.857198224853383373e-01
7.844526331614725123e-01
7.849108447752892737e-01
7.856388757562018377e-01
7.846088897489518210e-01
7.836293204960497194e-01
7.849435885943032432e-01
7.855394917777911434e-01
7.848621937123735348e-01
7.854140185681843800e-01
7.851100131758196321e-01
7.846859354694809552e-01
7.854152423397776639e-01
7.871113454035346679e-01
7.854262696638717456e-01
7.858392682323016576e-01
7.848943212435202099e-01
7.851973085213795889e-01
7.846523272287455608e-01
7.854855548647772245e-01
7.857018247906339958e-01
7.854111534175786113e-01
7.848213700198649612e-01
7.850938021957887258e-01
7.855138348861897546e-01
7.860599034763906534e-01
7.858519746752435919e-01
7.851222557649183420e-01
7.859855671832250978e-01
7.864107696230386857e-01
7.858146321728325390e-01
7.843217934819881609e-01
7.857687625158359390e-01
7.852511473974654876e-01
7.850025108404172780e-01
7.858525938508555964e-01
7.835017776266399725e-01
7.862099486120388558e-01
7.845093823068985950e-01
7.850677180774828789e-01
7.868425036153670060e-01
7.844475785407620805e-01
7.859405464204252123e-01
7.852441354804733376e-01
7.859325521170892337e-01
7.839909919988458098e-01
7.842247332310994246e-01
7.861379088436951657e-01
7.846128138937753516e-01
7.851885512041800741e-01
7.852040124879313687e-01
7.856418464513492683e-01
7.851581300072969505e-01
7.852222107496956705e-01
7.854318923348843073e-01
7.864592375899820409e-01
7.856640734835483864e-01
7.852049700181028546e-01
7.860955671493969898e-01
7.851423605295171360e-01
7.855142588868332387e-01
7.855064238625045769e-01
7.853112128923933621e-01
7.863286319934349455e-01
7.844942031848781694e-01
7.847758148715381354e-01
7.856942920459228930e-01
7.854073910796472990e-01
7.850766430546145536e-01
7.853508017814192499e-01
7.858866743355588103e-01
7.859735421271241140e-01
7.862144840404601265e-01
7.853227645137764723e-01
7.852702662877893980e-01
7.858504095704819115e-01
7.852984326625589429e-01
7.863953966693367770e-01
7.853223313466461963e-01
7.864390448609814843e-01
7.846948279943737337e-01
7.849069552897394164e-01
7.852139752613133128e-01
7.840460266681470447e-01
7.849986810626276013e-01
7.854699826336337676e-01
7.853433560404504687e-01
7.844602479433697706e-01
7.860081085116690236e-01
7.860964350643355747e-01
7.851861974936658051e-01
7.866228591156293470e-01
7.852344463488223347e-01
7.856205597578979072e-01
7.858615962295385504e-01
7.859910862483900917e-01
7.845427621434712950e-01
7.848637330831892411e-01
7.840915964184934639e-01
7.852382141655964709e-01
7.858709621516236643e-01
7.841987877413661989e-01
7.857191723605808642e-01
7.837714219613163280e-01
7.853108185808959085e-01
7.854773718875006638e-01
7.846914926914815291e-01
7.853904236378730364e-01
7.840435141639492400e-01
7.834149637577969560e-01
7.848743194910867693e-01
7.864932199698934090e-01
7.849106991639877018e-01
7.857746932777177618e-01
7.849217556918007821e-01
7.852408553662544310e-01
7.847303804131641192e-01
7.857559123051807148e-01
7.863440324545503124e-01
7.850666279765722289e-01
7.846696985820290626e-01
7.847611519657712309e-01
7.849630676358697601e-01
7.863085161520716460e-01
7.864653405650702256e-01
7.849936983286061043e-01
7.868261210807246941e-01
7.850151240380925932e-01
7.850713935888491424e-01
7.854756261254588479e-01
7.849489154572075744e-01
7.843856493502855409e-01
7.849818964896511098e-01
7.858711951294774511e-01
7.833829548243408381e-01
7.850408115917654195e-01
7.838561761123022942e-01
7.847136791544564449e-01
7.852361677366812565e-01
7.857738274444057147e-01
7.853770605956663653e-01
7.861746856868581101e-01
7.852404945383471002e-01
7.851938389012728114e-01
7.860802462185584316e-01
7.854967483218974200e-01
7.839772043208192986e-01
7.845320670530591123e-01
7.854689381381567692e-01
7.852108296958524303e-01
7.858613470815308810e-01
7.854559587250319330e-01
7.851360979461367018e-01
7.864866032910170501e-01
7.848114353644727315e-01
7.846205852869839736e-01
7.838304004532005154e-01
7.844976960148600797e-01
7.853804535831707678e-01
7.853003723462624874e-01
7.850066954180399126e-01
7.866611047605550633e-01
7.867171664461900527e-01
7.846702177834317116e-01
7.859653836296726093e-01
7.856142462417308181e-01
7.864796865902369261e-01
7.860335985279846005e-01
7.867119923628821399e-01
7.850180895394084368e-01
7.852336166817034391e-01
7.845399273792610373e-01
7.851436468377560596e-01
7.854696152888882565e-01
7.844550562505852032e-01
7.857366909353463713e-01
7.832769413567937100e-01
7.847431037944770926e-01
7.850282168174370634e-01
7.862137341341614016e-01
7.848332937615626337e-01
7.847496942536378306e-01
7.861472461899451369e-01
7.847224335800623285e-01
7.845153196364041959e-01
7.847704319907395920e-01
7.854854128680432979e-01
7.847829488195691150e-01
7.852367338265622276e-01
7.862256925369153215e-01
7.847332717359468690e-01
7.857532681332608515e-01
7.855802559616648084e-01
7.845589749982331274e-01
7.868846370958202385e-01
7.864137277561883410e-01
7.862665313239244336e-01
7.864263199871898147e-01
7.863733177001691610e-01
7.848273006689540088e-01
7.848697533886199729e-01
7.851863099621865238e-01
7.845793455628781166e-01
7.853522392123730711e-01
7.840596694304395875e-01
7.857130336144121374e-01
7.850148679267430207e-01
7.860985189226558090e-01
7.849921624735189951e-01
7.849223343120195207e-01
7.858970671697025345e-01
7.840043459797749748e-01
7.836244326142716154e-01
7.850845354111486429e-01
7.861530505283892412e-01
7.856080382269265971e-01
7.848185910471953131e-01
7.863550736918072381e-01
7.853769130054765180e-01
7.847282716328743968e-01
7.859909127325201972e-01
7.849324985324830362e-01
7.844033046880012350e-01
7.858938388461050861e-01
7.858362987413280987e-01
7.841790577119979178e-01
7.841209009724997570e-01
7.848823876660564469e-01
7.849557356676319930e-01
7.851467991054302820e-01
7.855308198925960994e-01
7.866757306489633450e-01
7.848969065672557477e-01
7.858496934816648904e-01
7.850257608370457829e-01
7.857212324154501104e-01
7.848649520250425837e-01
7.850245998493962096e-01
7.858734813540868558e-01
7.857621529899176949e-01
7.857025834974483702e-01
7.859575256102231400e-01
7.859652737240749865e-01
7.859586931543570687e-01
7.845469049892298541e-01
7.862029766552739440e-01
7.869885430788564618e-01
7.852970010389137556e-01
7.851195909291985853e-01
7.840724582223933536e-01
7.865470473652806938e-01
7.872303563009765970e-01
7.854282411484472259e-01
7.859895990742210570e-01
7.853597906048549460e-01
7.854759523987226988e-01
7.857939274861241996e-01
7.843140423182513032e-01
7.852724369486133726e-01
7.851113123826257700e-01
7.845863415617227998e-01
7.847011705797504177e-01
7.862775423164325428e-01
7.861649276369423456e-01
7.865289843618260557e-01
7.850997977076364931e-01
7.851141345526382320e-01
7.849880453605125874e-01
7.851630466337415903e-01
7.854567311366988935e-01
7.852958685700162089e-01
7.850037887785596968e-01
7.847556168448103220e-01
7.850191137687115850e-01
7.845782873800516422e-01
7.865525731148864663e-01
7.861533400426716778e-01
7.850636294288717565e-01
7.857945443213116832e-01
7.847269292437820676e-01
7.852100172445017900e-01
7.840605723148187378e-01
7.857849261808852459e-01
7.856758764838971398e-01
7.854898018558528205e-01
7.863893164057103036e-01
7.856902969659661506e-01
7.860675793862093030e-01
7.866252328812461947e-01
7.854422444675707160e-01
7.845573802862686463e-01
7.859115299558333545e-01
7.854127010917348883e-01
7.857095423969394643e-01
7.852372443319199924e-01
7.851661853903463273e-01
7.861328366120968747e-01
7.864919849804703489e-01
7.853258471610053970e-01
7.865914059438310346e-01
7.845784203828772840e-01
7.847458113464240714e-01
7.858742706637114050e-01
7.844181961255699553e-01
7.846097092430227571e-01
7.852659264154315810e-01
7.855834633359088937e-01
7.866285602676772459e-01
7.851048058105749572e-01
7.858425240594402172e-01
7.846367203233979293e-01
7.856244345343375013e-01
7.853117160440088451e-01
7.861034951116284697e-01
7.858643563940352905e-01
7.855403361576905885e-01
7.863927303656016443e-01
7.855839947864183825e-01
7.850315245532160091e-01
7.854021985818533391e-01
7.845644691490260003e-01
7.845562141311469562e-01
7.857865083040306287e-01
7.863003745528694965e-01
7.846042411721955157e-01
7.852071439961336718e-01
7.864481103661494776e-01
7.856492292590975257e-01
7.837277752605567027e-01
7.871308427935284069e-01
7.843050561668251097e-01
7.852999201992852951e-01
7.842930168890411835e-01
7.854488052888509708e-01
7.860192296784794808e-01
7.862804608583848776e-01
7.858042197047633293e-01
7.848868739053685983e-01
7.853145721812191393e-01
7.852435363239058663e-01
7.864988660456151415e-01
7.854619026025533302e-01
7.858479399258737619e-01
7.854343771641614236e-01
7.855166902009743657e-01
7.866973855687485750e-01
7.851825760716656388e-01
7.863913718572366207e-01
7.861922637625792243e-01
7.856363744404187832e-01
7.849599495212826739e-01
7.858148164101227406e-01
7.849780195125595217e-01
7.847812044125801467e-01
7.855088340757961918e-01
7.866083585450742710e-01
7.859993014458955818e-01
7.846068465648543544e-01
7.872247512307429806e-01
7.858515187840425797e-01
7.854909885584034912e-01
7.854109534667531589e-01
7.859943071465942399e-01
7.848959824077237357e-01
7.848738809516414561e-01
7.857467281079468790e-01
7.858831491065004782e-01
7.852543573830437218e-01
7.852041406684729941e-01
7.864204243922655602e-01
7.852576439629658234e-01
7.864447208984033377e-01
7.864445992156277043e-01
7.848050061409980183e-01
7.850294051903822234e-01
7.856505394276372956e-01
7.863852513350368945e-01
7.860687037333016214e-01
7.861338369228771938e-01
7.852246748419924316e-01
7.857108831033526863e-01
7.855691278947897205e-01
7.833575548691896762e-01
7.851073408064461745e-01
7.843687235020411208e-01
7.859947427687412613e-01
7.840201003972802063e-01
7.858153299343955123e-01
7.838649439924252338e-01
7.862558399812702437e-01
7.844948016994270912e-01
7.850792365020732300e-01
7.855965924596760575e-01
7.852799414887171592e-01
7.850411983763082580e-01
7.856455469339733710e-01
7.863405118015475148e-01
7.858139905154125637e-01
7.852108572392101360e-01
7.850167035652239056e-01
7.852576624939797689e-01
7.855148681863303173e-01
7.857891915539328975e-01
7.859716068928811472e-01
7.868659522747371016e-01
7.847232669373827019e-01
7.842040213895711265e-01
7.856383209190768158e-01
7.861940306823779201e-01
7.864131548574998520e-01
7.864804049140101672e-01
7.853895904477845580e-01
7.841762291495931736e-01
7.847661506716885338e-01
7.849495812024062102e-01
7.863583893044098216e-01
7.853159541499905583e-01
7.846913488165015993e-01
7.856283196793542034e-01
7.859135892065757245e-01
7.857495403384646693e-01
7.849446975571264806e-01
7.852437862204911800e-01
7.857446694708559720e-01
7.845526267652676022e-01
7.844347287394158874e-01
7.856044317154713408e-01
7.851671129528369208e-01
7.858389627714725822e-01
7.853917907727477887e-01
7.856935983433505077e-01
7.849099435481874387e-01
7.856588819182358518e-01
7.849033425158614685e-01
7.858274585082645203e-01
7.846439302955431350e-01
7.835463903610226932e-01
7.854926969506081935e-01
7.862022865088574841e-01
7.846583987752676626e-01
7.846505140914842302e-01
7.864967672689302525e-01
7.852810761124322525e-01
7.851729538410160414e-01
7.851992800446112586e-01
7.857747065738082126e-01
7.855488656916272960e-01
7.846184340549399172e-01
7.848119925778652695e-01
7.857227736831180476e-01
7.851039306051470490e-01
7.844861197254748841e-01
7.852586966406712721e-01
7.863596267298632592e-01
7.851749919849795312e-01
7.849084160988332171e-01
7.839119031877026522e-01
7.857400945015685645e-01
7.861072795328420959e-01
7.852883932543163192e-01
7.863974615469234708e-01
7.865447847108660850e-01
7.855842798097011359e-01
7.858041796080494912e-01
7.848485316116863286e-01
7.857353002075531112e-01
7.845389733171119762e-01
7.846631572612416949e-01
7.865562857696157817e-01
7.859982730207047963e-01
7.852282163628205858e-01
7.851715418428270032e-01
7.850989336514868633e-01
7.860017440610361783e-01
7.852246163846613447e-01
7.861701905362814546e-01
7.860809492977161028e-01
7.844219535206689020e-01
7.854195418258800299e-01
7.862809904771524971e-01
7.850649482329430384e-01
7.861990855318762295e-01
