7.850599999999999801e-01
7.870899999999999563e-01
7.830300000000000038e-01
7.876400000000000068e-01
7.834699999999999998e-01
7.870500000000000274e-01
7.872900000000000453e-01
7.848300000000000276e-01
7.837600000000000122e-01
7.853599999999999470e-01
7.857600000000000140e-01
7.840799999999999992e-01
7.844400000000000261e-01
7.843999999999999861e-01
7.865400000000000169e-01
7.869300000000000184e-01
7.845699999999999896e-01
7.841299999999999937e-01
7.847699999999999676e-01
7.865699999999999914e-01
7.865199999999999969e-01
7.886699999999999822e-01
7.868800000000000239e-01
7.842999999999999972e-01
7.850000000000000311e-01
7.851299999999999946e-01
7.839500000000000357e-01
7.846300000000000496e-01
7.877999999999999448e-01
7.865699999999999914e-01
7.845199999999999951e-01
7.862599999999999589e-01
7.865499999999999714e-01
7.850200000000000511e-01
7.857499999999999485e-01
7.843200000000000172e-01
7.877399999999999958e-01
7.847100000000000186e-01
7.830200000000000493e-01
7.858199999999999630e-01
7.830700000000000438e-01
7.845299999999999496e-01
7.871200000000000419e-01
7.856600000000000250e-01
7.867399999999999949e-01
7.855900000000000105e-01
7.837699999999999667e-01
7.848199999999999621e-01
7.876999999999999558e-01
7.809599999999999875e-01
7.891700000000000381e-01
7.850899999999999546e-01
7.849500000000000366e-01
7.873499999999999943e-01
7.858600000000000030e-01
7.835900000000000087e-01
7.867399999999999949e-01
7.857300000000000395e-01
7.846800000000000441e-01
7.874600000000000488e-01
7.829500000000000348e-01
7.852599999999999580e-01
7.854200000000000070e-01
7.865400000000000169e-01
7.841799999999999882e-01
7.846300000000000496e-01
7.852200000000000291e-01
7.860500000000000265e-01
7.842000000000000082e-01
7.837199999999999722e-01
7.864799999999999569e-01
7.858100000000000085e-01
7.862900000000000444e-01
7.839800000000000102e-01
7.843599999999999461e-01
7.849300000000000166e-01
7.856100000000000305e-01
7.875299999999999523e-01
7.862000000000000099e-01
7.866300000000000514e-01
7.823999999999999844e-01
7.851799999999999891e-01
7.866699999999999804e-01
7.840399999999999592e-01
7.840599999999999792e-01
7.834200000000000053e-01
7.851700000000000346e-01
7.859399999999999720e-01
7.874600000000000488e-01
7.868300000000000294e-01
7.839199999999999502e-01
7.849199999999999511e-01
7.829199999999999493e-01
7.848500000000000476e-01
7.859000000000000430e-01
7.861700000000000355e-01
7.847199999999999731e-01
7.859800000000000120e-01
7.873700000000000143e-01
7.864900000000000224e-01
7.842799999999999772e-01
7.853599999999999470e-01
7.865699999999999914e-01
7.865900000000000114e-01
7.853799999999999670e-01
7.838000000000000522e-01
7.843700000000000117e-01
7.860899999999999554e-01
7.845600000000000351e-01
7.885699999999999932e-01
7.835100000000000398e-01
7.858699999999999575e-01
7.844700000000000006e-01
7.855100000000000415e-01
7.841500000000000137e-01
7.844200000000000061e-01
7.866199999999999859e-01
7.853999999999999870e-01
7.859399999999999720e-01
7.836999999999999522e-01
7.858399999999999830e-01
7.826800000000000423e-01
7.859199999999999520e-01
7.866499999999999604e-01
7.826999999999999513e-01
7.833599999999999453e-01
7.848000000000000531e-01
7.844400000000000261e-01
7.860000000000000320e-01
7.863599999999999479e-01
7.875199999999999978e-01
7.852000000000000091e-01
7.865900000000000114e-01
7.870899999999999563e-01
7.835999999999999632e-01
7.836499999999999577e-01
7.886100000000000332e-01
7.854999999999999760e-01
7.861500000000000155e-01
7.843900000000000317e-01
7.850700000000000456e-01
7.854100000000000525e-01
7.872900000000000453e-01
7.859800000000000120e-01
7.855100000000000415e-01
7.850399999999999601e-01
7.869800000000000129e-01
7.854999999999999760e-01
7.855499999999999705e-01
7.837600000000000122e-01
7.848100000000000076e-01
7.874200000000000088e-01
7.853299999999999725e-01
7.833499999999999908e-01
7.851399999999999491e-01
7.866900000000000004e-01
7.842500000000000027e-01
7.847499999999999476e-01
7.868899999999999784e-01
7.848199999999999621e-01
7.867699999999999694e-01
7.846100000000000296e-01
7.852400000000000491e-01
7.862700000000000244e-01
7.847100000000000186e-01
7.870399999999999618e-01
7.875799999999999468e-01
7.854900000000000215e-01
7.857100000000000195e-01
7.855199999999999960e-01
7.852400000000000491e-01
7.837699999999999667e-01
7.857499999999999485e-01
7.856600000000000250e-01
7.837600000000000122e-01
7.862000000000000099e-01
7.868600000000000039e-01
7.865400000000000169e-01
7.862700000000000244e-01
7.860500000000000265e-01
7.857100000000000195e-01
7.859099999999999975e-01
7.860399999999999610e-01
7.862799999999999789e-01
7.883299999999999752e-01
7.840300000000000047e-01
7.859899999999999665e-01
7.862299999999999844e-01
7.853900000000000325e-01
7.858000000000000540e-01
7.861900000000000555e-01
7.849399999999999711e-01
7.864400000000000279e-01
7.828899999999999748e-01
7.856699999999999795e-01
7.843099999999999516e-01
7.847199999999999731e-01
7.857100000000000195e-01
7.859699999999999465e-01
7.843799999999999661e-01
7.862500000000000044e-01
7.867600000000000149e-01
7.839500000000000357e-01
7.876400000000000068e-01
7.834999999999999742e-01
7.851399999999999491e-01
7.862400000000000500e-01
7.838300000000000267e-01
7.869500000000000384e-01
7.843799999999999661e-01
7.840300000000000047e-01
7.867399999999999949e-01
7.861200000000000410e-01
7.848199999999999621e-01
7.843400000000000372e-01
7.838500000000000467e-01
7.851399999999999491e-01
7.855699999999999905e-01
7.881700000000000372e-01
7.837300000000000377e-01
7.847800000000000331e-01
7.851900000000000546e-01
7.852299999999999836e-01
7.856699999999999795e-01
7.856300000000000505e-01
7.847899999999999876e-01
7.863200000000000189e-01
7.861599999999999699e-01
7.850300000000000056e-01
7.836899999999999977e-01
7.861900000000000555e-01
7.872099999999999653e-01
7.864600000000000479e-01
7.875499999999999723e-01
7.832299999999999818e-01
7.830899999999999528e-01
7.835100000000000398e-01
7.864499999999999824e-01
7.845400000000000151e-01
7.850000000000000311e-01
7.839699999999999447e-01
7.836499999999999577e-01
7.859300000000000175e-01
7.852999999999999980e-01
7.843099999999999516e-01
7.861700000000000355e-01
7.844900000000000206e-01
7.865199999999999969e-01
7.866900000000000004e-01
7.851799999999999891e-01
7.835999999999999632e-01
7.844600000000000461e-01
7.833400000000000363e-01
7.838000000000000522e-01
7.853700000000000125e-01
7.842799999999999772e-01
7.875400000000000178e-01
7.850099999999999856e-01
7.876499999999999613e-01
7.842400000000000482e-01
7.866400000000000059e-01
7.849199999999999511e-01
7.838300000000000267e-01
7.859899999999999665e-01
7.861500000000000155e-01
7.845900000000000096e-01
7.852299999999999836e-01
7.848399999999999821e-01
7.856999999999999540e-01
7.874100000000000543e-01
7.837899999999999867e-01
7.853299999999999725e-01
7.854900000000000215e-01
7.842999999999999972e-01
7.880800000000000027e-01
7.847499999999999476e-01
7.864499999999999824e-01
7.832099999999999618e-01
7.843200000000000172e-01
7.842900000000000427e-01
7.838199999999999612e-01
7.852299999999999836e-01
7.877300000000000413e-01
7.857499999999999485e-01
7.852000000000000091e-01
7.856699999999999795e-01
7.876999999999999558e-01
7.846499999999999586e-01
7.847199999999999731e-01
7.867499999999999494e-01
7.850500000000000256e-01
7.844299999999999606e-01
7.837800000000000322e-01
7.852999999999999980e-01
7.857499999999999485e-01
7.824900000000000189e-01
7.866999999999999549e-01
7.826199999999999823e-01
7.860099999999999865e-01
7.852700000000000236e-01
7.847300000000000386e-01
7.854700000000000015e-01
7.852000000000000091e-01
7.826100000000000279e-01
7.833900000000000308e-01
7.853499999999999925e-01
7.836499999999999577e-01
7.862400000000000500e-01
7.852400000000000491e-01
7.846699999999999786e-01
7.877800000000000358e-01
7.829599999999999893e-01
7.843099999999999516e-01
7.857699999999999685e-01
7.837800000000000322e-01
7.854200000000000070e-01
7.857800000000000340e-01
7.842599999999999572e-01
7.839199999999999502e-01
7.859699999999999465e-01
7.858500000000000485e-01
7.867899999999999894e-01
7.854700000000000015e-01
7.858800000000000230e-01
7.845800000000000551e-01
7.861799999999999899e-01
7.857600000000000140e-01
7.838000000000000522e-01
7.850700000000000456e-01
7.844799999999999551e-01
7.865499999999999714e-01
7.858000000000000540e-01
7.858800000000000230e-01
7.862099999999999644e-01
7.833700000000000108e-01
7.859399999999999720e-01
7.830599999999999783e-01
7.836100000000000287e-01
7.863799999999999679e-01
7.844900000000000206e-01
7.871000000000000218e-01
7.868800000000000239e-01
7.840899999999999537e-01
7.856300000000000505e-01
7.853099999999999525e-01
7.828500000000000458e-01
7.869699999999999473e-01
7.854799999999999560e-01
7.842299999999999827e-01
7.875799999999999468e-01
7.847899999999999876e-01
7.873400000000000398e-01
7.833700000000000108e-01
7.853499999999999925e-01
7.852200000000000291e-01
7.858199999999999630e-01
7.851000000000000201e-01
7.849500000000000366e-01
7.859199999999999520e-01
7.857800000000000340e-01
7.876499999999999613e-01
7.846699999999999786e-01
7.853900000000000325e-01
7.827699999999999658e-01
7.849899999999999656e-01
7.835400000000000142e-01
7.850200000000000511e-01
7.849599999999999911e-01
7.861099999999999755e-01
7.882299999999999862e-01
7.835400000000000142e-01
7.858600000000000030e-01
7.838800000000000212e-01
7.854100000000000525e-01
7.855100000000000415e-01
7.839000000000000412e-01
7.882900000000000462e-01
7.872099999999999653e-01
7.868699999999999584e-01
7.857300000000000395e-01
7.877800000000000358e-01
7.872500000000000053e-01
7.853599999999999470e-01
7.871500000000000163e-01
7.863299999999999734e-01
7.836999999999999522e-01
7.838300000000000267e-01
7.863299999999999734e-01
7.858600000000000030e-01
7.865999999999999659e-01
7.860800000000000010e-01
7.850700000000000456e-01
7.872000000000000108e-01
7.854999999999999760e-01
7.862799999999999789e-01
7.845600000000000351e-01
7.862000000000000099e-01
7.844499999999999806e-01
7.881599999999999717e-01
7.874299999999999633e-01
7.848000000000000531e-01
7.835400000000000142e-01
7.857100000000000195e-01
7.850800000000000001e-01
7.835100000000000398e-01
7.839800000000000102e-01
7.858399999999999830e-01
7.841099999999999737e-01
7.826899999999999968e-01
7.865199999999999969e-01
7.840399999999999592e-01
7.863900000000000334e-01
7.855600000000000360e-01
7.838899999999999757e-01
7.873299999999999743e-01
7.866699999999999804e-01
7.869800000000000129e-01
7.836300000000000487e-01
7.842900000000000427e-01
7.845999999999999641e-01
7.844999999999999751e-01
7.880599999999999827e-01
7.848300000000000276e-01
7.862200000000000299e-01
7.859599999999999920e-01
7.855799999999999450e-01
7.838100000000000067e-01
7.863299999999999734e-01
7.861200000000000410e-01
7.871299999999999963e-01
7.864499999999999824e-01
7.859699999999999465e-01
7.867100000000000204e-01
7.843700000000000117e-01
7.834999999999999742e-01
7.840099999999999847e-01
7.867899999999999894e-01
7.851700000000000346e-01
7.859699999999999465e-01
7.871899999999999453e-01
7.836899999999999977e-01
7.841700000000000337e-01
7.844999999999999751e-01
7.865100000000000424e-01
7.862099999999999644e-01
7.828600000000000003e-01
7.859300000000000175e-01
7.863499999999999934e-01
7.836899999999999977e-01
7.878399999999999848e-01
7.843499999999999917e-01
7.846699999999999786e-01
7.890599999999999836e-01
7.884499999999999842e-01
7.853700000000000125e-01
7.852000000000000091e-01
7.876499999999999613e-01
7.881000000000000227e-01
7.877300000000000413e-01
7.857600000000000140e-01
7.862700000000000244e-01
7.853700000000000125e-01
7.845100000000000406e-01
7.846699999999999786e-01
7.822400000000000464e-01
7.877600000000000158e-01
7.832999999999999963e-01
7.841200000000000392e-01
7.829500000000000348e-01
7.857800000000000340e-01
7.847899999999999876e-01
7.870000000000000329e-01
7.873200000000000198e-01
7.868100000000000094e-01
7.840099999999999847e-01
7.875499999999999723e-01
7.848600000000000021e-01
7.848000000000000531e-01
7.876300000000000523e-01
7.881200000000000427e-01
7.842400000000000482e-01
7.865299999999999514e-01
7.871500000000000163e-01
7.841399999999999482e-01
7.877100000000000213e-01
7.830399999999999583e-01
7.853200000000000180e-01
7.861200000000000410e-01
7.845900000000000096e-01
7.852400000000000491e-01
7.855999999999999650e-01
7.855900000000000105e-01
7.862700000000000244e-01
7.843700000000000117e-01
7.876800000000000468e-01
7.844600000000000461e-01
7.848100000000000076e-01
7.857100000000000195e-01
7.842799999999999772e-01
7.854700000000000015e-01
